0.0334434510,0.0022877220,0.0328380450,0.0018879790,0.0018842110,0.0280258240,0.0021272620,0.0021313520,0.0021441820,0.0016728120,0.0016723630,0.0332803500,0.0323974950,0.0018425480,0.0014116980,0.0012676740,0.0012656380,0.0014108250,0.0004991830,0.0004796350,0.0004891670,0.0004158140,0.0004248010,0.0006805370,0.0004800200,0.0004773030,0.0334659450,0.0004342780,0.0004200900,0.0349582020,0.0004254610,0.0004112840,0.0334309720,0.0003816870,0.0003652070,0.0013132880,0.0004130050,0.0004179490,0.0004120760,0.0003553260,0.0003621210,0.0009110910,0.0004091090,0.0004210850,0.0004160850,0.0003737300,0.0003699020,0.0003655270
7,7,1,1,1,4,7,7,1,1,1,3,2,2,2,4,4,3,2,2,4,4,4,3,3,3,5,5,5,0,3,5,6,6,6,0,5,5,6,6,6,0,6,0,0,0,0,0
0.0721132050,0.0645784898,0.0749841388,0.0508679679,0.0500207166,0.0588589540,0.0682880897,0.0676502393,0.0682428485,0.0529129295,0.0529921945,0.0613100301,0.0359841478,0.0278866515,0.0276663958,0.0224601357,0.0225084164,0.0229769665,0.0065928409,0.0064905433,0.0066104883,0.0054665551,0.0055484536,0.0057565865,0.0066446376,0.0065097456,0.0137730139,0.0057692886,0.0056211938,0.0140098898,0.0055307679,0.0056320027,0.0128274563,0.0049968052,0.0049777387,0.0051681632,0.0055469364,0.0055783323,0.0056147204,0.0048546530,0.0048681844,0.0050917569,0.0054995768,0.0055970465,0.0054510343,0.0048779295,0.0048782466,0.0048154088
7,7,1,1,1,4,7,7,1,1,1,3,2,2,2,4,4,3,2,2,4,4,4,3,3,3,5,5,5,0,3,5,6,6,6,0,5,5,6,6,6,0,6,0,0,0,0,0
0.0655354048,0.0676271063,0.0693106013,0.0533534980,0.0566050022,0.0540893000,0.0717587995,0.0685245143,0.0697041613,0.0538839041,0.0530839081,0.0529137349,0.0277699153,0.0277458498,0.0277467947,0.0227200175,0.0223744056,0.0225934482,0.0064187957,0.0063982845,0.0064305830,0.0054126171,0.0053596638,0.0054086721,0.0063923421,0.0064274708,0.0063121095,0.0053881340,0.0053073455,0.0053849610,0.0052992944,0.0053356509,0.0054333727,0.0047353543,0.0047741593,0.0047489811,0.0053518370,0.0053297128,0.0053908540,0.0047446905,0.0047303923,0.0047360282,0.0053092418,0.0053254965,0.0053635032,0.0047155339,0.0047146033,0.0047343849
4,1,3,1,0,5,6,0,7,2,5,2,7,6,4,3,6,3,1,7,2,2,7,3,4,0,7,6,2,4,4,4,5,7,5,0,5,6,1,1,2,6,3,0,1,3,4,0
0.0656863442,0.0675712296,0.0696701900,0.0544150894,0.0547214207,0.0522773548,0.0697471319,0.0689541524,0.0699950382,0.0536424470,0.0534379013,0.0528111806,0.0277645732,0.0277702372,0.0278298824,0.0226174706,0.0225166368,0.0225875198,0.0064074246,0.0063942205,0.0064133599,0.0054019381,0.0053410479,0.0054016022,0.0063908245,0.0063931267,0.0063028671,0.0053953224,0.0052909127,0.0053698844,0.0053090919,0.0053179656,0.0054364006,0.0047209466,0.0047746255,0.0047385331,0.0053673534,0.0053225662,0.0053906898,0.0047317998,0.0047190927,0.0047237212,0.0053078540,0.0053251904,0.0053988829,0.0047086336,0.0047120213,0.0047223220
4,1,3,1,0,5,6,0,7,2,5,2,7,6,4,3,6,3,1,7,2,2,7,3,4,0,7,6,2,4,4,4,5,7,5,0,5,6,1,1,2,6,3,0,1,3,4,0
0.0656843219,0.0683550916,0.0686940482,0.0547166903,0.0568608785,0.0532090932,0.0694457140,0.0686215471,0.0693388063,0.0534220473,0.0532458744,0.0528719598,0.0278318970,0.0277278351,0.0278988754,0.0227560070,0.0223804945,0.0224662265,0.0064076086,0.0063928923,0.0064264060,0.0054061719,0.0053553891,0.0054044637,0.0063855590,0.0063973431,0.0062923158,0.0053803276,0.0053074294,0.0053549817,0.0053191195,0.0053309331,0.0054365250,0.0047310066,0.0047751960,0.0047313866,0.0053372475,0.0053141088,0.0053811162,0.0047313180,0.0047237161,0.0047225434,0.0053050795,0.0053135292,0.0053772929,0.0047111006,0.0047119459,0.0047256540
4,1,3,1,0,5,6,0,7,2,5,2,7,6,4,3,6,3,1,7,2,2,7,3,4,0,7,6,2,4,4,4,5,7,5,0,5,6,1,1,2,6,3,0,1,3,4,0
0.0659361105,0.0679006879,0.0660063532,0.0541937942,0.0574484419,0.0543141164,0.0697873620,0.0678808364,0.0696128400,0.0536844826,0.0531147172,0.0531341813,0.0276604852,0.0278796931,0.0279043533,0.0225965003,0.0225016538,0.0224485901,0.0064130655,0.0063954026,0.0064203957,0.0054052585,0.0053522204,0.0054100894,0.0063834220,0.0063903449,0.0062967115,0.0053859834,0.0052995570,0.0053558246,0.0052996448,0.0053175556,0.0054365179,0.0047200170,0.0047766654,0.0047249086,0.0053487783,0.0053139040,0.0053983245,0.0047304777,0.0047212623,0.0047306129,0.0053008999,0.0053066191,0.0054038413,0.0047085071,0.0047059608,0.0047043124
4,1,3,1,0,5,6,0,7,2,5,2,7,6,4,3,6,3,1,7,2,2,7,3,4,0,7,6,2,4,4,4,5,7,5,0,5,6,1,1,2,6,3,0,1,3,4,0
0.0674853423,0.0650620548,0.0652582073,0.0520431476,0.0583052474,0.0546261950,0.0692317412,0.0702777744,0.0696524378,0.0537331003,0.0535862018,0.0538403836,0.0276977169,0.0278095110,0.0280192347,0.0224685582,0.0224833782,0.0225198931,0.0063775464,0.0063410550,0.0063781277,0.0053309980,0.0053325431,0.0054199198,0.0064575022,0.0063253642,0.0063008829,0.0053134566,0.0053725018,0.0053440796,0.0053502249,0.0053676073,0.0052368618,0.0046969831,0.0046732793,0.0047339100,0.0053712648,0.0052943325,0.0052924786,0.0047829964,0.0047365721,0.0047292687,0.0053206611,0.0052799067,0.0053229853,0.0046657848,0.0047103384,0.0047083823
7,0,6,4,1,4,3,5,2,1,6,7,2,0,5,3,3,0,2,5,5,3,0,1,4,2,5,2,1,1,2,6,2,3,0,5,7,3,5,6,4,7,5,4,4,2,1,0
0.0677479014,0.0643142344,0.0651544131,0.0507971125,0.0585352027,0.0558302277,0.0686737810,0.0699736308,0.0691726916,0.0535804599,0.0535544915,0.0529876775,0.0276905189,0.0278632401,0.0280040582,0.0225771307,0.0225275888,0.0224986900,0.0063866412,0.0063308403,0.0063622097,0.0053537309,0.0053469147,0.0054356705,0.0064497966,0.0063304655,0.0062950911,0.0053159426,0.0053783331,0.0053484418,0.0053529814,0.0053822965,0.0052521515,0.0047111419,0.0046855858,0.0047300166,0.0053704063,0.0053174393,0.0052818106,0.0047842236,0.0047535816,0.0047305738,0.0053055203,0.0052771766,0.0053187018,0.0046745848,0.0047250359,0.0047156123
7,0,6,4,1,4,3,5,2,1,6,7,2,0,5,3,3,0,2,5,5,3,0,1,4,2,5,2,1,1,2,6,2,3,0,5,7,3,5,6,4,7,5,4,4,2,1,0
0.0673355525,0.0642895367,0.0654832100,0.0508374037,0.0598218227,0.0553887642,0.0693913711,0.0698097102,0.0693736296,0.0533326012,0.0532914162,0.0530953787,0.0275473249,0.0282352919,0.0279428761,0.0225853005,0.0225355948,0.0224716413,0.0063756929,0.0063356143,0.0063878777,0.0053459032,0.0053526017,0.0054351887,0.0064540471,0.0063400444,0.0063023796,0.0053200130,0.0053805935,0.0053323832,0.0053422986,0.0053673259,0.0052512252,0.0046966388,0.0046836150,0.0047334849,0.0053651936,0.0052928511,0.0053024123,0.0047785862,0.0047371512,0.0047103745,0.0053206621,0.0052762719,0.0053306909,0.0046829239,0.0047136389,0.0047164099
7,0,6,4,1,4,3,5,2,1,6,7,2,0,5,3,3,0,2,5,5,3,0,1,4,2,5,2,1,1,2,6,2,3,0,5,7,3,5,6,4,7,5,4,4,2,1,0
0.0670582745,0.0637387017,0.0614873474,0.0499700882,0.0603861062,0.0558977163,0.0693049066,0.0701412374,0.0730883501,0.0539020153,0.0534734849,0.0532106631,0.0277387474,0.0279410966,0.0280246172,0.0225641110,0.0225272762,0.0224858136,0.0063833936,0.0063511444,0.0063758279,0.0053339254,0.0053541044,0.0054510653,0.0064360800,0.0063368937,0.0063111278,0.0053207178,0.0053955289,0.0053516649,0.0053450735,0.0053647548,0.0052466011,0.0046972849,0.0047032306,0.0047401672,0.0053721203,0.0053027447,0.0052942068,0.0047796056,0.0047538864,0.0047210464,0.0053265018,0.0052626574,0.0052987523,0.0046723079,0.0047285598,0.0047256210
7,0,6,4,1,4,3,5,2,1,6,7,2,0,5,3,3,0,2,5,5,3,0,1,4,2,5,2,1,1,2,6,2,3,0,5,7,3,5,6,4,7,5,4,4,2,1,0
0.0663341944,0.0626823855,0.0571870870,0.0481982505,0.0614499555,0.0554806358,0.0696551032,0.0710106502,0.0772855682,0.0563578139,0.0538545988,0.0532826712,0.0274695655,0.0278083546,0.0280140255,0.0225075495,0.0225632444,0.0224917136,0.0063725800,0.0063378944,0.0063747210,0.0053505983,0.0053705729,0.0054315078,0.0064372779,0.0063288772,0.0063014852,0.0053223283,0.0053760505,0.0053386943,0.0053356967,0.0053747403,0.0052457468,0.0047188197,0.0046992257,0.0047331883,0.0053753188,0.0053211758,0.0052963104,0.0047904169,0.0047413625,0.0047201445,0.0053195985,0.0052692643,0.0053276900,0.0046752770,0.0047318660,0.0047371453
7,0,6,4,1,4,3,5,2,1,6,7,2,0,5,3,3,0,2,5,5,3,0,1,4,2,5,2,1,1,2,6,2,3,0,5,7,3,5,6,4,7,5,4,4,2,1,0
0.0654908640,0.0600900521,0.0545030154,0.0455795393,0.0616380810,0.0561697318,0.0691706050,0.0743778605,0.0794113692,0.0585498340,0.0534528836,0.0528790780,0.0275653743,0.0277518403,0.0280728285,0.0225131929,0.0223772799,0.0224225870,0.0063635282,0.0063366122,0.0063676496,0.0053366565,0.0053337474,0.0054355381,0.0064419001,0.0063321583,0.0063039399,0.0053071132,0.0053667022,0.0053350106,0.0053327398,0.0053838242,0.0052428092,0.0047072428,0.0046843158,0.0047333754,0.0053647453,0.0053052381,0.0052965518,0.0047832845,0.0047563327,0.0047149817,0.0053117847,0.0052782068,0.0053147836,0.0046803975,0.0047136821,0.0047072690
7,0,6,4,1,4,3,5,2,1,6,7,2,0,5,3,3,0,2,5,5,3,0,1,4,2,5,2,1,1,2,6,2,3,0,5,7,3,5,6,4,7,5,4,4,2,1,0
0.0657020067,0.0580048054,0.0543311515,0.0440653101,0.0613899275,0.0573135172,0.0692622573,0.0760796544,0.0802477675,0.0600256371,0.0538392379,0.0534113571,0.0275850971,0.0278911591,0.0280958161,0.0224554956,0.0224226892,0.0224343233,0.0063732418,0.0063299409,0.0063665225,0.0053387898,0.0053303757,0.0054304338,0.0064480870,0.0063267219,0.0063041978,0.0053169193,0.0053678970,0.0053378103,0.0053453484,0.0053692713,0.0052357662,0.0046997085,0.0046719625,0.0047247898,0.0053677384,0.0052925094,0.0052890408,0.0047889370,0.0047493285,0.0047086547,0.0053036062,0.0052868207,0.0053364406,0.0046757699,0.0047190192,0.0047110157
7,0,6,4,1,4,3,5,2,1,6,7,2,0,5,3,3,0,2,5,5,3,0,1,4,2,5,2,1,1,2,6,2,3,0,5,7,3,5,6,4,7,5,4,4,2,1,0
0.0650856807,0.0566561063,0.0538733069,0.0437149197,0.0587499871,0.0590240652,0.0697601230,0.0778620322,0.0810928385,0.0604850525,0.0543006727,0.0532883668,0.0275688410,0.0278952065,0.0281152675,0.0225311333,0.0225179278,0.0224713373,0.0063697351,0.0063461363,0.0063982566,0.0053432282,0.0053435124,0.0054330184,0.0064681789,0.0063309494,0.0063171910,0.0053144607,0.0053700375,0.0053261710,0.0053285591,0.0053802889,0.0052410772,0.0047060004,0.0046842143,0.0047515151,0.0053781793,0.0052998952,0.0053094588,0.0047912546,0.0047688118,0.0047213452,0.0053314459,0.0052851770,0.0053163415,0.0046719720,0.0047228966,0.0047070773
7,0,6,4,1,4,3,5,2,1,6,7,2,0,5,3,3,0,2,5,5,3,0,1,4,2,5,2,1,1,2,6,2,3,0,5,7,3,5,6,4,7,5,4,4,2,1,0
0.0649419711,0.0561057447,0.0537488563,0.0434153029,0.0565233874,0.0583605485,0.0698273499,0.0790080321,0.0815034342,0.0610559907,0.0552922663,0.0534906299,0.0276536869,0.0277229123,0.0281515021,0.0224723182,0.0226353156,0.0224759502,0.0063631274,0.0063478026,0.0063732276,0.0053313256,0.0053435771,0.0054444619,0.0064516715,0.0063263637,0.0063133562,0.0053166259,0.0053836640,0.0053498109,0.0053401601,0.0053762637,0.0052502874,0.0046901457,0.0046798225,0.0047420762,0.0053782053,0.0052936206,0.0053030971,0.0048022132,0.0047505243,0.0047329764,0.0053193605,0.0052742003,0.0053257242,0.0046875853,0.0047173635,0.0047177861
7,0,6,4,1,4,3,5,2,1,6,7,2,0,5,3,3,0,2,5,5,3,0,1,4,2,5,2,1,1,2,6,2,3,0,5,7,3,5,6,4,7,5,4,4,2,1,0
0.0647274704,0.0552582975,0.0539052713,0.0430990365,0.0562953768,0.0565590024,0.0703596433,0.0801730987,0.0822032312,0.0617043467,0.0562855459,0.0535847379,0.0277107998,0.0280232890,0.0280571050,0.0224312416,0.0225447195,0.0225441921,0.0063929859,0.0063329601,0.0063644828,0.0053519645,0.0053705107,0.0054259411,0.0064638247,0.0063387947,0.0062968824,0.0053246785,0.0053796168,0.0053358042,0.0053561447,0.0053807494,0.0052566216,0.0047211065,0.0046968965,0.0047416343,0.0053668435,0.0053163238,0.0053007525,0.0047937213,0.0047589507,0.0047187411,0.0053195656,0.0052898830,0.0053274825,0.0046943152,0.0047323114,0.0047287544
7,0,6,4,1,4,3,5,2,1,6,7,2,0,5,3,3,0,2,5,5,3,0,1,4,2,5,2,1,1,2,6,2,3,0,5,7,3,5,6,4,7,5,4,4,2,1,0
0.0641775729,0.0548701572,0.0542754328,0.0428563595,0.0540092463,0.0538429822,0.0712696648,0.0809183340,0.0824355884,0.0614489370,0.0567056606,0.0534325017,0.0274857952,0.0279830747,0.0280745341,0.0224153930,0.0224766455,0.0225141488,0.0063666137,0.0063322285,0.0063747287,0.0053326041,0.0053545323,0.0054400394,0.0064527155,0.0063271693,0.0063033757,0.0053019049,0.0053777350,0.0053383365,0.0053292827,0.0053702202,0.0052384320,0.0047066611,0.0046864804,0.0047323118,0.0053746928,0.0052984227,0.0053031765,0.0048028244,0.0047523045,0.0047226851,0.0053147109,0.0052739217,0.0053309937,0.0046633581,0.0047151849,0.0047187400
7,0,6,4,1,4,3,5,2,1,6,7,2,0,5,3,3,0,2,5,5,3,0,1,4,2,5,2,1,1,2,6,2,3,0,5,7,3,5,6,4,7,5,4,4,2,1,0
0.0626237594,0.0546566602,0.0543507253,0.0432512208,0.0523259858,0.0523442410,0.0727532931,0.0812286761,0.0836377160,0.0622431923,0.0577560241,0.0529119409,0.0275949206,0.0278738609,0.0280936273,0.0225050946,0.0225348643,0.0225395200,0.0063607170,0.0063313214,0.0063777641,0.0053333332,0.0053335060,0.0054319055,0.0064473203,0.0063245884,0.0062881401,0.0053175594,0.0053735793,0.0053426239,0.0053329811,0.0053608995,0.0052437282,0.0047017238,0.0046796829,0.0047321878,0.0053693215,0.0053107285,0.0052942258,0.0047675583,0.0047485915,0.0047168929,0.0053129488,0.0052775308,0.0052959833,0.0046704576,0.0047186022,0.0047164727
7,0,6,4,1,4,3,5,2,1,6,7,2,0,5,3,3,0,2,5,5,3,0,1,4,2,5,2,1,1,2,6,2,3,0,5,7,3,5,6,4,7,5,4,4,2,1,0
0.0619873037,0.0547225326,0.0541323604,0.0430784540,0.0508493800,0.0515200744,0.0738282727,0.0821150523,0.0838313312,0.0628965031,0.0584062531,0.0537073775,0.0274953126,0.0278962617,0.0278623952,0.0224468268,0.0224849053,0.0225159345,0.0063897006,0.0063444202,0.0063885794,0.0053705875,0.0053718599,0.0054433145,0.0064450741,0.0063447126,0.0063081056,0.0053218847,0.0053822524,0.0053578983,0.0053523614,0.0053641328,0.0052601694,0.0047246864,0.0047074852,0.0047443010,0.0053650585,0.0053155969,0.0053104276,0.0047903963,0.0047480528,0.0047325502,0.0053230633,0.0052823386,0.0053177552,0.0046840589,0.0047418078,0.0047462685
7,0,6,4,1,4,3,5,2,1,6,7,2,0,5,3,3,0,2,5,5,3,0,1,4,2,5,2,1,1,2,6,2,3,0,5,7,3,5,6,4,7,5,4,4,2,1,0
0.0608379414,0.0542604670,0.0546797994,0.0432344779,0.0494535077,0.0510224642,0.0752187047,0.0826558428,0.0821144917,0.0627646387,0.0595662773,0.0539315771,0.0273262607,0.0278250026,0.0302645525,0.0226184455,0.0224809758,0.0224619581,0.0063863799,0.0063322078,0.0063758713,0.0053516809,0.0053466261,0.0054503323,0.0064466912,0.0063330914,0.0062949766,0.0053145045,0.0053747021,0.0053299113,0.0053659027,0.0053667791,0.0052540934,0.0047164990,0.0046843995,0.0047285502,0.0053616764,0.0053146514,0.0052907463,0.0047831775,0.0047574004,0.0047191831,0.0053105787,0.0052929331,0.0053318032,0.0046801814,0.0047157432,0.0047246939
7,0,6,4,1,4,3,5,2,1,6,7,2,0,5,3,3,0,2,5,5,3,0,1,4,2,5,2,1,1,2,6,2,3,0,5,7,3,5,6,4,7,5,4,4,2,1,0
0.0595372992,0.0544081587,0.0549319113,0.0430025737,0.0488820968,0.0504710348,0.0762739573,0.0815336731,0.0794267696,0.0627688283,0.0600901678,0.0545486056,0.0277948221,0.0286731989,0.0340945913,0.0240625290,0.0226560528,0.0223158489,0.0064417535,0.0064703350,0.0064161430,0.0053636395,0.0054199101,0.0054466094,0.0063409177,0.0064034653,0.0063261060,0.0054000022,0.0053599359,0.0053082920,0.0053375640,0.0054010740,0.0053644625,0.0046966889,0.0047674501,0.0047576274,0.0053673826,0.0053203040,0.0053500250,0.0047262312,0.0047491115,0.0046996683,0.0052837289,0.0053193085,0.0052853559,0.0047285601,0.0047282040,0.0047724034
1,6,7,1,4,7,5,0,2,3,4,6,2,5,3,0,3,5,0,4,7,3,2,1,1,6,2,6,0,0,6,7,1,3,1,6,4,7,2,0,7,4,4,3,1,0,2,5
0.0579964231,0.0541090607,0.0551540523,0.0426562777,0.0477210770,0.0494385199,0.0783213694,0.0809196143,0.0784066073,0.0617934699,0.0604886505,0.0551030034,0.0279487908,0.0304525489,0.0357372723,0.0256504396,0.0226384418,0.0223653437,0.0064237266,0.0064923040,0.0064107466,0.0053691935,0.0054118516,0.0054399565,0.0063333179,0.0064144514,0.0063114627,0.0054313051,0.0053556486,0.0053032399,0.0053576684,0.0054092757,0.0053625567,0.0046949054,0.0047446353,0.0047957796,0.0053975852,0.0053152054,0.0053483280,0.0047327043,0.0047315040,0.0047222384,0.0053021239,0.0053291734,0.0052705940,0.0047302185,0.0047199588,0.0047672128
1,6,7,1,4,7,5,0,2,3,4,6,2,5,3,0,3,5,0,4,7,3,2,1,1,6,2,6,0,0,6,7,1,3,1,6,4,7,2,0,7,4,4,3,1,0,2,5
0.0568565013,0.0543239541,0.0554358481,0.0432031492,0.0470129988,0.0487097068,0.0793882677,0.0796033172,0.0796207531,0.0616940861,0.0606028644,0.0559413859,0.0278608087,0.0327066656,0.0360816340,0.0267123628,0.0228015907,0.0223065298,0.0064278428,0.0064713261,0.0064012106,0.0053681830,0.0054046788,0.0054701595,0.0063332270,0.0064076752,0.0063219669,0.0053987136,0.0053606725,0.0053086250,0.0053329201,0.0053947648,0.0053617751,0.0046874150,0.0047650114,0.0047512358,0.0053705613,0.0053115639,0.0053422452,0.0047213176,0.0047493333,0.0046880169,0.0052913770,0.0053202148,0.0052697458,0.0047261722,0.0047217356,0.0047655403
1,6,7,1,4,7,5,0,2,3,4,6,2,5,3,0,3,5,0,4,7,3,2,1,1,6,2,6,0,0,6,7,1,3,1,6,4,7,2,0,7,4,4,3,1,0,2,5
0.0559770485,0.0538894664,0.0559911126,0.0432011355,0.0467529534,0.0473919902,0.0799085133,0.0780610598,0.0811911354,0.0625371765,0.0610404600,0.0565984109,0.0280492734,0.0340132434,0.0357645158,0.0272371666,0.0233932893,0.0222353698,0.0064272499,0.0064878227,0.0064178697,0.0053706365,0.0054471640,0.0054671228,0.0063484221,0.0064301008,0.0063213169,0.0054187090,0.0053564689,0.0053278311,0.0053339764,0.0054001202,0.0053735891,0.0046977521,0.0047597879,0.0047644645,0.0053794689,0.0052998794,0.0053598368,0.0047347096,0.0047196880,0.0047049641,0.0052810844,0.0053337187,0.0052905517,0.0047286315,0.0047251961,0.0047602595
1,6,7,1,4,7,5,0,2,3,4,6,2,5,3,0,3,5,0,4,7,3,2,1,1,6,2,6,0,0,6,7,1,3,1,6,4,7,2,0,7,4,4,3,1,0,2,5
0.0553806333,0.0545597625,0.0564592935,0.0434068526,0.0460071854,0.0468356581,0.0808976461,0.0806455146,0.0831835240,0.0643270413,0.0606876156,0.0571509345,0.0282599023,0.0350493946,0.0349021825,0.0276009240,0.0240990479,0.0224398245,0.0064229910,0.0064814258,0.0064062347,0.0053541229,0.0054141166,0.0054432139,0.0063432749,0.0063982802,0.0063199606,0.0054003794,0.0053544466,0.0053140578,0.0053353544,0.0053947573,0.0053589949,0.0046849016,0.0047387615,0.0047556782,0.0053817137,0.0053035260,0.0053423989,0.0047299113,0.0047478809,0.0046998947,0.0052849026,0.0053244765,0.0052752972,0.0047369470,0.0047171820,0.0047684379
1,6,7,1,4,7,5,0,2,3,4,6,2,5,3,0,3,5,0,4,7,3,2,1,1,6,2,6,0,0,6,7,1,3,1,6,4,7,2,0,7,4,4,3,1,0,2,5
0.0548285195,0.0547981990,0.0564660558,0.0435331797,0.0456629844,0.0457929313,0.0806410796,0.0826232959,0.0849344984,0.0670413045,0.0624497849,0.0574920229,0.0285337641,0.0358992577,0.0336015888,0.0276460370,0.0247112500,0.0224839537,0.0064172282,0.0064784275,0.0064101480,0.0053539861,0.0054161706,0.0054485171,0.0063382400,0.0064062198,0.0063170427,0.0054001762,0.0053473792,0.0053125512,0.0053415969,0.0053943630,0.0053718493,0.0046887993,0.0047603309,0.0047544395,0.0053724609,0.0053021884,0.0053607855,0.0047230322,0.0047319827,0.0047060137,0.0052855863,0.0053245166,0.0052802943,0.0047131893,0.0047139168,0.0047620827
1,6,7,1,4,7,5,0,2,3,4,6,2,5,3,0,3,5,0,4,7,3,2,1,1,6,2,6,0,0,6,7,1,3,1,6,4,7,2,0,7,4,4,3,1,0,2,5
0.0546412228,0.0551843920,0.0565577418,0.0441810599,0.0453590079,0.0453706428,0.0807139637,0.0857037943,0.0859914544,0.0673823296,0.0638641816,0.0579713559,0.0289275350,0.0363770305,0.0320458691,0.0273524220,0.0254827938,0.0226589918,0.0064430534,0.0064820043,0.0064182900,0.0053585308,0.0054282063,0.0054441918,0.0063428864,0.0064158851,0.0063247658,0.0054052106,0.0053659199,0.0053199453,0.0053307087,0.0054025868,0.0053643393,0.0046907124,0.0047397586,0.0047480240,0.0053788105,0.0053110825,0.0053612502,0.0047422194,0.0047366801,0.0047070116,0.0052918367,0.0053395480,0.0052855796,0.0047390946,0.0047273496,0.0047609507
1,6,7,1,4,7,5,0,2,3,4,6,2,5,3,0,3,5,0,4,7,3,2,1,1,6,2,6,0,0,6,7,1,3,1,6,4,7,2,0,7,4,4,3,1,0,2,5
0.0541549261,0.0547390185,0.0569601532,0.0441279571,0.0451506789,0.0449435959,0.0817078666,0.0883919252,0.0874590517,0.0686912537,0.0664493844,0.0580233993,0.0296398186,0.0364013570,0.0305960269,0.0258516495,0.0266562747,0.0230301165,0.0064349140,0.0064823951,0.0064112079,0.0053460950,0.0054184587,0.0054487798,0.0063338039,0.0064119258,0.0063158731,0.0054110164,0.0053569174,0.0053109730,0.0053326293,0.0053967196,0.0053670378,0.0046976662,0.0047567529,0.0047549943,0.0053567973,0.0053136761,0.0053557238,0.0047224221,0.0047173996,0.0046997297,0.0052873703,0.0053312774,0.0052786276,0.0047386746,0.0047209762,0.0047624021
1,6,7,1,4,7,5,0,2,3,4,6,2,5,3,0,3,5,0,4,7,3,2,1,1,6,2,6,0,0,6,7,1,3,1,6,4,7,2,0,7,4,4,3,1,0,2,5
0.0542329308,0.0553876698,0.0569325528,0.0442875695,0.0444520371,0.0442698439,0.0827387318,0.0908595635,0.0874892139,0.0698240442,0.0697233183,0.0584479293,0.0307754211,0.0350969319,0.0290669731,0.0245214540,0.0274875814,0.0235843038,0.0064349824,0.0064735091,0.0072049161,0.0060189778,0.0054263991,0.0054560494,0.0063624371,0.0064141404,0.0063166919,0.0053932284,0.0053727866,0.0053151153,0.0053248986,0.0053981102,0.0053822323,0.0047008310,0.0047560971,0.0047534865,0.0053615130,0.0053019083,0.0053492267,0.0047359591,0.0047446495,0.0047090615,0.0052828757,0.0053257587,0.0052854841,0.0047359296,0.0047149231,0.0047641021
1,6,7,1,4,7,5,0,2,3,4,6,2,5,3,0,3,5,0,4,7,3,2,1,1,6,2,6,0,0,6,7,1,3,1,6,4,7,2,0,7,4,4,3,1,0,2,5
0.0540029261,0.0552482059,0.0568510265,0.0446520851,0.0445057909,0.0439686398,0.0863283749,0.0910887115,0.0889941627,0.0699462778,0.0730787700,0.0593404714,0.0326572695,0.0326645249,0.0261547357,0.0229812102,0.0273448765,0.0246389022,0.0064370456,0.0081866874,0.0103649407,0.0076366785,0.0070333803,0.0054471913,0.0063489461,0.0064206873,0.0063221387,0.0054094652,0.0053514207,0.0053260416,0.0053451826,0.0054063208,0.0053763128,0.0046948630,0.0047581768,0.0047623285,0.0054042380,0.0053206480,0.0053516614,0.0047401810,0.0047333455,0.0047177898,0.0052825626,0.0053431641,0.0052906876,0.0047469489,0.0047209359,0.0047700992
1,6,7,1,4,7,5,0,2,3,4,6,2,5,3,0,3,5,0,4,7,3,2,1,1,6,2,6,0,0,6,7,1,3,1,6,4,7,2,0,7,4,4,3,1,0,2,5
0.0539786322,0.0557551890,0.0573136748,0.0448053446,0.0440761797,0.0432831412,0.0900784315,0.0914209865,0.0896507943,0.0700987741,0.0747944026,0.0622515775,0.0342681693,0.0293105451,0.0231585268,0.0209157794,0.0258259474,0.0258319282,0.0064221810,0.0091362074,0.0127827525,0.0086792056,0.0075096188,0.0054430335,0.0063296780,0.0064097263,0.0063089807,0.0054073651,0.0053494965,0.0053107371,0.0053472321,0.0053946751,0.0053713521,0.0046947644,0.0047495582,0.0047506723,0.0053588592,0.0053082121,0.0053499939,0.0047210323,0.0047382348,0.0046917991,0.0052767747,0.0053213896,0.0052701738,0.0047140093,0.0047248380,0.0047605094
1,6,7,1,4,7,5,0,2,3,4,6,2,5,3,0,3,5,0,4,7,3,2,1,1,6,2,6,0,0,6,7,1,3,1,6,4,7,2,0,7,4,4,3,1,0,2,5
0.0538139671,0.0556955276,0.0586987771,0.0457114370,0.0440517262,0.0430929331,0.0940724526,0.0922225008,0.0901958159,0.0706899605,0.0746387704,0.0664629555,0.0347966142,0.0259927918,0.0209810702,0.0191819169,0.0236650507,0.0272440348,0.0085802198,0.0106388179,0.0138593190,0.0094176000,0.0076748726,0.0054649406,0.0063459028,0.0064071508,0.0063203639,0.0054032547,0.0053700567,0.0053141896,0.0053389942,0.0053998538,0.0053742316,0.0046956085,0.0047652273,0.0047609041,0.0053694385,0.0053049189,0.0053497930,0.0047411833,0.0047532623,0.0047026512,0.0052828040,0.0053302354,0.0052831558,0.0047241336,0.0047273734,0.0047625029
1,6,7,1,4,7,5,0,2,3,4,6,2,5,3,0,3,5,0,4,7,3,2,1,1,6,2,6,0,0,6,7,1,3,1,6,4,7,2,0,7,4,4,3,1,0,2,5
0.0536190151,0.0565700122,0.0613237922,0.0468195645,0.0438672974,0.0428763225,0.0988791469,0.0919834279,0.0885197074,0.0700861550,0.0750030560,0.0715203877,0.0339821488,0.0232140875,0.0196889566,0.0177261966,0.0217643665,0.0277320658,0.0086618475,0.0117304122,0.0143973560,0.0101947950,0.0077666021,0.0072218758,0.0063309259,0.0064065780,0.0063044410,0.0054082058,0.0053533718,0.0053031200,0.0053312551,0.0053983088,0.0053476884,0.0046879076,0.0047336403,0.0047511675,0.0053747954,0.0052983047,0.0053513745,0.0047031123,0.0047224284,0.0046982809,0.0052842904,0.0053202855,0.0052807255,0.0046994622,0.0047118009,0.0047638216
1,6,7,1,4,7,5,0,2,3,4,6,2,5,3,0,3,5,0,4,7,3,2,1,1,6,2,6,0,0,6,7,1,3,1,6,4,7,2,0,7,4,4,3,1,0,2,5
0.0537725220,0.0578680661,0.0632499791,0.0487619761,0.0445238307,0.0424131312,0.1040480677,0.0901028900,0.0869327150,0.0686339298,0.0739829081,0.0766749373,0.0324334438,0.0209024152,0.0192615858,0.0168274852,0.0200794331,0.0272658607,0.0090558059,0.0130008102,0.0146177562,0.0106984301,0.0080522249,0.0077753751,0.0065983292,0.0064094120,0.0063064277,0.0054096581,0.0053491332,0.0053150869,0.0053465126,0.0053987732,0.0053693743,0.0046979461,0.0047555766,0.0047510353,0.0053704419,0.0052979363,0.0053551554,0.0047226207,0.0047364489,0.0046963292,0.0052801217,0.0053212826,0.0052783874,0.0047087411,0.0047123448,0.0047672400
1,6,7,1,4,7,5,0,2,3,4,6,2,5,3,0,3,5,0,4,7,3,2,1,1,6,2,6,0,0,6,7,1,3,1,6,4,7,2,0,7,4,4,3,1,0,2,5
0.0534567809,0.0601520412,0.0645952244,0.0493547405,0.0455096498,0.0422190850,0.1086680936,0.0885217846,0.0855987303,0.0674193152,0.0722173321,0.0817990241,0.0299294388,0.0197337044,0.0192456672,0.0162225745,0.0187379361,0.0257942330,0.0096973759,0.0134830552,0.0147083510,0.0108344009,0.0084826522,0.0077639375,0.0063426898,0.0064058916,0.0063048384,0.0054044807,0.0053426038,0.0053078137,0.0053327995,0.0054021342,0.0053645931,0.0046994097,0.0047410110,0.0047553123,0.0053859195,0.0053057040,0.0053483774,0.0047169824,0.0047303171,0.0047021116,0.0052907302,0.0053227235,0.0052866288,0.0047095141,0.0047224990,0.0047562236
1,6,7,1,4,7,5,0,2,3,4,6,2,5,3,0,3,5,0,4,7,3,2,1,1,6,2,6,0,0,6,7,1,3,1,6,4,7,2,0,7,4,4,3,1,0,2,5
0.0544632702,0.0620032108,0.0659172171,0.0494856744,0.0472047553,0.0428724143,0.1138813214,0.0867475269,0.0841573545,0.0660365319,0.0701701508,0.0842509314,0.0265207397,0.0190857606,0.0187732359,0.0160655134,0.0176253317,0.0235266601,0.0102297213,0.0136144477,0.0146980340,0.0108944682,0.0091872813,0.0077326980,0.0063792026,0.0063393088,0.0063470770,0.0054025093,0.0053045779,0.0054404475,0.0053089782,0.0054981042,0.0054101575,0.0046727186,0.0047362008,0.0047296733,0.0053671975,0.0053585339,0.0053317993,0.0046915942,0.0047231785,0.0047186361,0.0053335928,0.0053163753,0.0053538827,0.0047408640,0.0047363766,0.0047104143
6,6,0,0,4,7,3,2,1,4,7,5,5,2,2,1,3,1,0,4,5,6,7,7,6,0,4,5,7,4,6,3,1,0,6,7,2,3,0,3,5,1,2,5,1,2,4,0
0.0557351632,0.0636511341,0.0672203018,0.0505472705,0.0487336429,0.0434363291,0.1055851767,0.0845861104,0.0833101078,0.0652488043,0.0682731122,0.0786827266,0.0235303754,0.0188725651,0.0187008669,0.0159090249,0.0174799057,0.0203783006,0.0105472519,0.0137959610,0.0146554285,0.0109562664,0.0094194964,0.0078239808,0.0063842299,0.0063495966,0.0063527387,0.0054034954,0.0053083792,0.0052920853,0.0053133201,0.0054954106,0.0054268846,0.0046875819,0.0047478480,0.0047280170,0.0053708079,0.0053602253,0.0053363467,0.0046893652,0.0047324681,0.0047374532,0.0053436664,0.0053215334,0.0053646977,0.0047596264,0.0047217147,0.0047111763
6,6,0,0,4,7,3,2,1,4,7,5,5,2,2,1,3,1,0,4,5,6,7,7,6,0,4,5,7,4,6,3,1,0,6,7,2,3,0,3,5,1,2,5,1,2,4,0
0.0571651952,0.0652815999,0.0681989985,0.0514136070,0.0503860215,0.0446909352,0.0996861489,0.0831641832,0.0826941504,0.0645109516,0.0663800329,0.0752553466,0.0216859039,0.0189227375,0.0187840956,0.0160512678,0.0169110452,0.0188041705,0.0110759043,0.0137830562,0.0146624354,0.0110110836,0.0095056136,0.0080942300,0.0063818711,0.0063803736,0.0063400538,0.0054073120,0.0053059055,0.0052900501,0.0053065578,0.0055140110,0.0054488744,0.0047088161,0.0047326627,0.0047192828,0.0054004052,0.0053916694,0.0053657115,0.0047156034,0.0047197407,0.0047794117,0.0053551775,0.0053172302,0.0053950018,0.0047664297,0.0047186215,0.0047406701
6,6,0,0,4,7,3,2,1,4,7,5,5,2,2,1,3,1,0,4,5,6,7,7,6,0,4,5,7,4,6,3,1,0,6,7,2,3,0,3,5,1,2,5,1,2,4,0
0.0590116921,0.0658898397,0.0693126155,0.0519108666,0.0510532734,0.0464851394,0.0946531357,0.0827823899,0.0831560534,0.0642064820,0.0657435181,0.0714113234,0.0206454041,0.0189792796,0.0188202951,0.0162266897,0.0168572247,0.0178453189,0.0118234952,0.0138112280,0.0145786530,0.0113038958,0.0096883250,0.0084443838,0.0064051640,0.0075706977,0.0085208744,0.0074466206,0.0064854356,0.0053160128,0.0053342906,0.0055466966,0.0054747465,0.0047274366,0.0047553313,0.0047540177,0.0054103784,0.0054039742,0.0053745448,0.0047347346,0.0047388847,0.0047713999,0.0053732503,0.0053446496,0.0054030635,0.0047806637,0.0047584858,0.0047752043
6,6,0,0,4,7,3,2,1,4,7,5,5,2,2,1,3,1,0,4,5,6,7,7,6,0,4,5,7,4,6,3,1,0,6,7,2,3,0,3,5,1,2,5,1,2,4,0
0.0612582107,0.0671286184,0.0701762663,0.0537908383,0.0512102061,0.0478795932,0.0907925092,0.0825457189,0.0838072059,0.0647564923,0.0643043386,0.0681867894,0.0200486524,0.0190492764,0.0191600451,0.0160567573,0.0166046502,0.0175177107,0.0119245523,0.0136209273,0.0128251888,0.0111203127,0.0097706033,0.0088877119,0.0063531545,0.0085758840,0.0106099031,0.0079979993,0.0073954674,0.0053530998,0.0053992209,0.0053016776,0.0053982559,0.0047339084,0.0047863217,0.0048142367,0.0054149786,0.0053693355,0.0054036273,0.0047135305,0.0047320963,0.0048107637,0.0053587165,0.0053279057,0.0053491902,0.0047870292,0.0047808341,0.0047585064
3,0,6,2,0,6,5,1,7,3,2,4,4,1,7,1,5,4,5,4,7,6,7,2,4,1,0,3,5,1,0,0,1,1,4,3,2,7,5,0,2,6,4,3,6,2,5,7
0.0627823553,0.0671411991,0.0694579882,0.0533566381,0.0512287909,0.0486009574,0.0884341578,0.0823084057,0.0841683887,0.0645019152,0.0637138894,0.0657048309,0.0192163431,0.0189743162,0.0194325711,0.0159963185,0.0165013752,0.0166420961,0.0121760619,0.0126961147,0.0111480579,0.0096761200,0.0097237583,0.0093420935,0.0074118688,0.0090864109,0.0116994787,0.0087069368,0.0076324784,0.0066769206,0.0053742442,0.0052846451,0.0053806592,0.0047127112,0.0047351227,0.0048013629,0.0053984361,0.0053356204,0.0053681230,0.0046901615,0.0046997332,0.0047689618,0.0053267313,0.0053003488,0.0053218498,0.0047731375,0.0047273858,0.0046948615
3,0,6,2,0,6,5,1,7,3,2,4,4,1,7,1,5,4,5,4,7,6,7,2,4,1,0,3,5,1,0,0,1,1,4,3,2,7,5,0,2,6,4,3,6,2,5,7
0.0636866135,0.0663495742,0.0692919441,0.0530608529,0.0513166177,0.0494089290,0.0870744824,0.0832018632,0.0852605161,0.0650160984,0.0638175969,0.0640478725,0.0190139903,0.0189662605,0.0191530978,0.0160580899,0.0163709333,0.0163845192,0.0123863784,0.0116394937,0.0100481635,0.0094039338,0.0095414291,0.0094786426,0.0085559810,0.0101732184,0.0132195995,0.0091973454,0.0077214580,0.0071828935,0.0053728607,0.0052870772,0.0053873484,0.0047216410,0.0047196876,0.0048017750,0.0054003893,0.0053452376,0.0053675055,0.0047015753,0.0047113397,0.0047740424,0.0052948196,0.0053043044,0.0053138000,0.0047798652,0.0047550979,0.0047120605
3,0,6,2,0,6,5,1,7,3,2,4,4,1,7,1,5,4,5,4,7,6,7,2,4,1,0,3,5,1,0,0,1,1,4,3,2,7,5,0,2,6,4,3,6,2,5,7
0.0644585650,0.0663439115,0.0686190880,0.0524263968,0.0509154586,0.0496718588,0.0858876897,0.0840708527,0.0861545654,0.0655373387,0.0640709889,0.0630093302,0.0190729368,0.0190669555,0.0193047266,0.0161392080,0.0163209650,0.0162984668,0.0120770283,0.0105184200,0.0093204560,0.0084225348,0.0094486264,0.0095398578,0.0087655520,0.0112408134,0.0135610655,0.0096699584,0.0078747918,0.0074815183,0.0053500574,0.0052689806,0.0053955025,0.0047125998,0.0047116800,0.0048047365,0.0053930716,0.0053306801,0.0053567153,0.0046748679,0.0046973039,0.0047543716,0.0052892063,0.0053029712,0.0053015240,0.0047683837,0.0047440846,0.0046977802
3,0,6,2,0,6,5,1,7,3,2,4,4,1,7,1,5,4,5,4,7,6,7,2,4,1,0,3,5,1,0,0,1,1,4,3,2,7,5,0,2,6,4,3,6,2,5,7
0.0647685682,0.0649590442,0.0682528454,0.0517853114,0.0500651482,0.0501447150,0.0858734387,0.0847238670,0.0870874727,0.0659206410,0.0644227009,0.0624289388,0.0190860151,0.0191719239,0.0193633679,0.0161153883,0.0163237309,0.0161901288,0.0120227540,0.0094346294,0.0090428897,0.0080285243,0.0091453342,0.0096069015,0.0090272329,0.0117745475,0.0137871101,0.0104420239,0.0082007035,0.0076956021,0.0053481644,0.0052792270,0.0053751888,0.0047179351,0.0047252486,0.0048011072,0.0053883538,0.0053318660,0.0053674792,0.0046853104,0.0047005754,0.0047608592,0.0053046284,0.0052972541,0.0053095786,0.0047707349,0.0047598875,0.0046929381
3,0,6,2,0,6,5,1,7,3,2,4,4,1,7,1,5,4,5,4,7,6,7,2,4,1,0,3,5,1,0,0,1,1,4,3,2,7,5,0,2,6,4,3,6,2,5,7
0.0644580515,0.0644612250,0.0672378398,0.0516616581,0.0493165520,0.0498984916,0.0862334693,0.0855575489,0.0882991247,0.0667453949,0.0650507169,0.0628082960,0.0191384510,0.0192320186,0.0195262597,0.0162585971,0.0162833268,0.0163434211,0.0111005464,0.0089766906,0.0089946527,0.0079268992,0.0084310807,0.0095749008,0.0096540442,0.0123449403,0.0138358251,0.0105149412,0.0089486277,0.0077025861,0.0053678075,0.0052686191,0.0053691108,0.0047118334,0.0047255581,0.0047962692,0.0053891937,0.0053341385,0.0053678713,0.0046735570,0.0047073243,0.0047602377,0.0052872467,0.0053003875,0.0053188109,0.0047755342,0.0047424623,0.0046884778
3,0,6,2,0,6,5,1,7,3,2,4,4,1,7,1,5,4,5,4,7,6,7,2,4,1,0,3,5,1,0,0,1,1,4,3,2,7,5,0,2,6,4,3,6,2,5,7
0.0644016005,0.0635628070,0.0663884238,0.0510979382,0.0487689035,0.0499002586,0.0867536527,0.0860306321,0.0883948168,0.0669958938,0.0658695331,0.0636672164,0.0191337313,0.0193354807,0.0196666820,0.0163891093,0.0163883067,0.0162325030,0.0107052159,0.0089107153,0.0089826306,0.0079371514,0.0080809137,0.0090023182,0.0101931410,0.0127891770,0.0138952971,0.0105347335,0.0092433851,0.0077292129,0.0053627273,0.0052703741,0.0053772858,0.0047113368,0.0047105065,0.0047930236,0.0053824979,0.0053298848,0.0053564562,0.0046890508,0.0047029959,0.0047623556,0.0052963992,0.0052935297,0.0053149424,0.0047669822,0.0047485956,0.0046930481
3,0,6,2,0,6,5,1,7,3,2,4,4,1,7,1,5,4,5,4,7,6,7,2,4,1,0,3,5,1,0,0,1,1,4,3,2,7,5,0,2,6,4,3,6,2,5,7
0.0633378148,0.0632513193,0.0660134157,0.0507015220,0.0486392193,0.0492259535,0.0870162414,0.0871929364,0.0895127759,0.0678637618,0.0658262748,0.0642157318,0.0192219090,0.0194696934,0.0198055858,0.0165088531,0.0163742658,0.0162524080,0.0098229929,0.0088772410,0.0089435216,0.0079272593,0.0079310352,0.0086259462,0.0109532596,0.0129543184,0.0138413112,0.0106357728,0.0093207740,0.0078672014,0.0053706471,0.0052816714,0.0053717787,0.0047156995,0.0047157850,0.0047950851,0.0053925861,0.0053291290,0.0053529977,0.0046968272,0.0047035914,0.0047654201,0.0052983592,0.0053126561,0.0053075866,0.0047736209,0.0047422870,0.0046979794
3,0,6,2,0,6,5,1,7,3,2,4,4,1,7,1,5,4,5,4,7,6,7,2,4,1,0,3,5,1,0,0,1,1,4,3,2,7,5,0,2,6,4,3,6,2,5,7
0.0629209104,0.0627441125,0.0659305791,0.0505335266,0.0482484473,0.0484185118,0.0874662586,0.0876877397,0.0901656889,0.0683677765,0.0661875668,0.0644282295,0.0193483320,0.0195545970,0.0199549059,0.0166517042,0.0165243436,0.0163104095,0.0092144129,0.0088541502,0.0089283044,0.0079244347,0.0079041548,0.0083505497,0.0115906824,0.0128600808,0.0139311781,0.0108285913,0.0093613266,0.0081845124,0.0053732917,0.0056871571,0.0071192813,0.0064757506,0.0058042434,0.0047943238,0.0053955411,0.0053300076,0.0053714821,0.0046839687,0.0047063836,0.0047725765,0.0052982418,0.0053100194,0.0053087252,0.0047734215,0.0047313203,0.0046993616
3,0,6,2,0,6,5,1,7,3,2,4,4,1,7,1,5,4,5,4,7,6,7,2,4,1,0,3,5,1,0,0,1,1,4,3,2,7,5,0,2,6,4,3,6,2,5,7
0.0617531626,0.0620833809,0.0653446012,0.0507695014,0.0492763074,0.0483206195,0.0883815511,0.0879688519,0.0910835652,0.0690829747,0.0663416796,0.0653164221,0.0194503464,0.0198780599,0.0203564211,0.0168287186,0.0166106385,0.0162443968,0.0089467985,0.0088905599,0.0088865231,0.0079713088,0.0079353738,0.0082201047,0.0118287626,0.0126314243,0.0131877504,0.0108827743,0.0095271249,0.0083908706,0.0053546480,0.0074125625,0.0078844632,0.0070015116,0.0067035402,0.0046682773,0.0053739304,0.0053227732,0.0052859279,0.0046988493,0.0046928856,0.0047343215,0.0053418120,0.0053514918,0.0053241739,0.0047693176,0.0046894444,0.0047328660
1,1,0,2,3,0,5,7,6,4,3,2,7,5,4,4,6,4,2,5,7,3,2,6,7,5,6,0,3,4,4,5,0,1,7,6,6,2,3,0,2,4,7,1,0,5,3,1
0.0614858764,0.0616511992,0.0653174880,0.0506093689,0.0489617028,0.0477102233,0.0881513336,0.0884632169,0.0910256988,0.0691620235,0.0667058021,0.0656946226,0.0194873804,0.0200596047,0.0205586989,0.0169741780,0.0167935820,0.0163866630,0.0089074801,0.0088688843,0.0088596674,0.0079589824,0.0079125346,0.0080680518,0.0119479169,0.0123025296,0.0116139903,0.0096893998,0.0096169601,0.0085578579,0.0053684357,0.0076291359,0.0091725178,0.0072795305,0.0069240052,0.0055528100,0.0053681161,0.0053227741,0.0053062469,0.0046952114,0.0047006572,0.0047395160,0.0053189190,0.0053508733,0.0053227924,0.0047757410,0.0047044685,0.0047264824
1,1,0,2,3,0,5,7,6,4,3,2,7,5,4,4,6,4,2,5,7,3,2,6,7,5,6,0,3,4,4,5,0,1,7,6,6,2,3,0,2,4,7,1,0,5,3,1
0.0608856683,0.0615516461,0.0651784076,0.0504955371,0.0490629926,0.0477003262,0.0880550700,0.0886016089,0.0911448701,0.0691955604,0.0666938556,0.0656601444,0.0196299147,0.0203509929,0.0208605507,0.0172531223,0.0169387185,0.0163365625,0.0088790956,0.0088513461,0.0088328493,0.0079357752,0.0078932530,0.0080164292,0.0121059421,0.0115662621,0.0104045419,0.0095427963,0.0096159377,0.0085833980,0.0074212063,0.0082911221,0.0101418897,0.0079359665,0.0070278677,0.0065154483,0.0053679565,0.0053268173,0.0053085817,0.0046943231,0.0046972040,0.0047439468,0.0053325438,0.0053886924,0.0053258752,0.0047734030,0.0046992986,0.0047389216
1,1,0,2,3,0,5,7,6,4,3,2,7,5,4,4,6,4,2,5,7,3,2,6,7,5,6,0,3,4,4,5,0,1,7,6,6,2,3,0,2,4,7,1,0,5,3,1
