0.0908619420,nan,0.0000000000,138369072.0000000000,1853440.0000000000,262656.0000000000,0.0000000000,512.0000000000,1024.0000000000,0.0000000000,6.0000000000,0.0770642090,nan,0.0000000000,48658480.0000000000,454656.0000000000,262656.0000000000,0.0000000000,1536.0000000000,1024.0000000000,0.0000000000,6.0000000000,0.0159143060,nan,0.0000000000,19560496.0000000000,0.0000000000,262656.0000000000,0.0000000000,2560.0000000000,1024.0000000000,0.0000000000,2.0000000000,0.0158751860,nan,0.0000000000,19560496.0000000000,0.0000000000,262656.0000000000
3,0,-9223372036854775808,0,138369072,1853440,262656,0,512,1536,0,0,0,-9223372036854775808,0,48658480,454656,262656,0,1536,1536,0,6,0,-9223372036854775808,0,19560496,0,262656,0,2560,1536,0,7,0,-9223372036854775808,0,19560496,0
0.1516510890,nan,0.0000000000,138228320.0000000000,1856889.0000000000,262656.0000000000,0.0000000000,512.0000000000,1024.0000000000,0.0000000000,7.0000000000,0.0337148700,nan,0.0000000000,48659152.0000000000,454646.0000000000,262656.0000000000,0.0000000000,1536.0000000000,1024.0000000000,0.0000000000,3.0000000000,0.0079811080,nan,0.0000000000,19560496.0000000000,0.0000000000,262656.0000000000,0.0000000000,2560.0000000000,1024.0000000000,0.0000000000,5.0000000000,0.0080098960,nan,0.0000000000,19560496.0000000000,0.0000000000,262656.0000000000
1,0,-9223372036854775808,0,138431200,1856806,262656,0,512,1536,0,4,0,-9223372036854775808,0,48658096,454513,262656,0,1536,1536,0,6,0,-9223372036854775808,0,19560496,0,262656,0,2560,1536,0,2,0,-9223372036854775808,0,19560496,0
0.1032967870,nan,0.0000000000,138153648.0000000000,1870253.0000000000,262656.0000000000,0.0000000000,512.0000000000,1024.0000000000,0.0000000000,7.0000000000,0.0332759710,nan,0.0000000000,48657776.0000000000,454672.0000000000,262656.0000000000,0.0000000000,1536.0000000000,1024.0000000000,0.0000000000,3.0000000000,0.0079824200,nan,0.0000000000,19560496.0000000000,0.0000000000,262656.0000000000,0.0000000000,2560.0000000000,1024.0000000000,0.0000000000,5.0000000000,0.0080105040,nan,0.0000000000,19560496.0000000000,0.0000000000,262656.0000000000
1,0,-9223372036854775808,0,139179584,1871660,262656,0,512,1536,0,4,0,-9223372036854775808,0,48659376,454365,262656,0,1536,1536,0,6,0,-9223372036854775808,0,19560496,0,262656,0,2560,1536,0,2,0,-9223372036854775808,0,19560496,0
0.1041584810,nan,0.0000000000,137806512.0000000000,1887193.0000000000,262656.0000000000,0.0000000000,512.0000000000,1024.0000000000,0.0000000000,7.0000000000,0.0332813400,nan,0.0000000000,48658480.0000000000,454633.0000000000,262656.0000000000,0.0000000000,1536.0000000000,1024.0000000000,0.0000000000,3.0000000000,0.0079807270,nan,0.0000000000,19560496.0000000000,0.0000000000,262656.0000000000,0.0000000000,2560.0000000000,1024.0000000000,0.0000000000,5.0000000000,0.0080205540,nan,0.0000000000,19560496.0000000000,0.0000000000,262656.0000000000
1,0,-9223372036854775808,0,140128224,1892396,262656,0,512,1536,0,4,0,-9223372036854775808,0,48658240,454196,262656,0,1536,1536,0,6,0,-9223372036854775808,0,19560496,0,262656,0,2560,1536,0,2,0,-9223372036854775808,0,19560496,0
0.1033815200,nan,0.0000000000,135512320.0000000000,1891454.0000000000,262656.0000000000,0.0000000000,512.0000000000,1024.0000000000,0.0000000000,7.0000000000,0.0332938060,nan,0.0000000000,48657072.0000000000,454664.0000000000,262656.0000000000,0.0000000000,1536.0000000000,1024.0000000000,0.0000000000,3.0000000000,0.0079754990,nan,0.0000000000,19560496.0000000000,0.0000000000,262656.0000000000,0.0000000000,2560.0000000000,1024.0000000000,0.0000000000,5.0000000000,0.0080072470,nan,0.0000000000,19560496.0000000000,0.0000000000,262656.0000000000
1,0,-9223372036854775808,0,140379984,1915782,262656,0,512,1536,0,4,0,-9223372036854775808,0,48659840,453965,262656,0,1536,1536,0,6,0,-9223372036854775808,0,19560496,0,262656,0,2560,1536,0,2,0,-9223372036854775808,0,19560496,0
0.1047497260,nan,0.0000000000,130375248.0000000000,1841594.0000000000,262656.0000000000,0.0000000000,512.0000000000,1024.0000000000,0.0000000000,7.0000000000,0.0332514320,nan,0.0000000000,48655904.0000000000,454610.0000000000,262656.0000000000,0.0000000000,1536.0000000000,1024.0000000000,0.0000000000,3.0000000000,0.0079969690,nan,0.0000000000,19560496.0000000000,0.0000000000,262656.0000000000,0.0000000000,2560.0000000000,1024.0000000000,0.0000000000,5.0000000000,0.0080095720,nan,0.0000000000,19560496.0000000000,0.0000000000,262656.0000000000
1,0,-9223372036854775808,0,137715184,1942058,262656,0,512,1536,0,4,0,-9223372036854775808,0,48656672,453893,262656,0,1536,1536,0,6,0,-9223372036854775808,0,19560496,0,262656,0,2560,1536,0,2,0,-9223372036854775808,0,19560496,0
0.1046518770,nan,0.0000000000,129978176.0000000000,1829043.0000000000,262656.0000000000,0.0000000000,512.0000000000,1024.0000000000,0.0000000000,7.0000000000,0.0332702300,nan,0.0000000000,48660656.0000000000,454650.0000000000,262656.0000000000,0.0000000000,1536.0000000000,1024.0000000000,0.0000000000,3.0000000000,0.0079697290,nan,0.0000000000,19560496.0000000000,0.0000000000,262656.0000000000,0.0000000000,2560.0000000000,1024.0000000000,0.0000000000,5.0000000000,0.0080189990,nan,0.0000000000,19560496.0000000000,0.0000000000,262656.0000000000
1,0,-9223372036854775808,0,136946992,1957869,262656,0,512,1536,0,4,0,-9223372036854775808,0,48658384,453770,262656,0,1536,1536,0,6,0,-9223372036854775808,0,19560496,0,262656,0,2560,1536,0,2,0,-9223372036854775808,0,19560496,0
0.1035653710,nan,0.0000000000,129614448.0000000000,1791298.0000000000,262656.0000000000,0.0000000000,512.0000000000,1024.0000000000,0.0000000000,7.0000000000,0.0333150980,nan,0.0000000000,48659824.0000000000,454578.0000000000,262656.0000000000,0.0000000000,1536.0000000000,1024.0000000000,0.0000000000,3.0000000000,0.0079693080,nan,0.0000000000,19560496.0000000000,0.0000000000,262656.0000000000,0.0000000000,2560.0000000000,1024.0000000000,0.0000000000,5.0000000000,0.0080118370,nan,0.0000000000,19560496.0000000000,0.0000000000,262656.0000000000
1,0,-9223372036854775808,0,134799344,1980921,262656,0,512,1536,0,4,0,-9223372036854775808,0,48654640,453698,262656,0,1536,1536,0,6,0,-9223372036854775808,0,19560496,0,262656,0,2560,1536,0,2,0,-9223372036854775808,0,19560496,0
0.1038868120,nan,0.0000000000,129229840.0000000000,1772136.0000000000,262656.0000000000,0.0000000000,512.0000000000,1024.0000000000,0.0000000000,7.0000000000,0.0333305860,nan,0.0000000000,48659408.0000000000,454532.0000000000,262656.0000000000,0.0000000000,1536.0000000000,1024.0000000000,0.0000000000,3.0000000000,0.0079997890,nan,0.0000000000,19560496.0000000000,0.0000000000,262656.0000000000,0.0000000000,2560.0000000000,1024.0000000000,0.0000000000,5.0000000000,0.0080047930,nan,0.0000000000,19560496.0000000000,0.0000000000,262656.0000000000
1,0,-9223372036854775808,0,133816928,1996849,262656,0,512,1536,0,4,0,-9223372036854775808,0,48652416,453564,262656,0,1536,1536,0,6,0,-9223372036854775808,0,19560496,0,262656,0,2560,1536,0,2,0,-9223372036854775808,0,19560496,0
0.1030497530,nan,0.0000000000,122245136.0000000000,1731781.0000000000,262656.0000000000,0.0000000000,512.0000000000,1024.0000000000,0.0000000000,7.0000000000,0.0332541360,nan,0.0000000000,48664720.0000000000,454510.0000000000,262656.0000000000,0.0000000000,1536.0000000000,1024.0000000000,0.0000000000,3.0000000000,0.0079707440,nan,0.0000000000,19560496.0000000000,0.0000000000,262656.0000000000,0.0000000000,2560.0000000000,1024.0000000000,0.0000000000,5.0000000000,0.0080259340,nan,0.0000000000,19560496.0000000000,0.0000000000,262656.0000000000
1,0,-9223372036854775808,0,131673632,2028229,262656,0,512,1536,0,4,0,-9223372036854775808,0,48650912,453489,262656,0,1536,1536,0,6,0,-9223372036854775808,0,19560496,0,262656,0,2560,1536,0,2,0,-9223372036854775808,0,19560496,0
0.1030094990,nan,0.0000000000,116890624.0000000000,1674851.0000000000,262656.0000000000,0.0000000000,512.0000000000,1024.0000000000,0.0000000000,5.0000000000,0.0337657970,nan,0.0000000000,48665984.0000000000,454465.0000000000,262656.0000000000,0.0000000000,1536.0000000000,1024.0000000000,0.0000000000,6.0000000000,0.0079916050,nan,0.0000000000,19560496.0000000000,0.0000000000,262656.0000000000,0.0000000000,2560.0000000000,1024.0000000000,0.0000000000,3.0000000000,0.0079561430,nan,0.0000000000,19560496.0000000000,0.0000000000,262656.0000000000
1,0,-9223372036854775808,0,128543648,2041513,262656,0,512,1536,0,3,0,-9223372036854775808,0,48647840,453364,262656,0,1536,1536,0,3,0,-9223372036854775808,0,19560496,0,262656,0,2560,1536,0,7,0,-9223372036854775808,0,19560496,0
0.1030776580,nan,0.0000000000,116026528.0000000000,1639188.0000000000,262656.0000000000,0.0000000000,512.0000000000,1024.0000000000,0.0000000000,5.0000000000,0.0332859480,nan,0.0000000000,48664672.0000000000,454489.0000000000,262656.0000000000,0.0000000000,1536.0000000000,1024.0000000000,0.0000000000,6.0000000000,0.0079975260,nan,0.0000000000,19560496.0000000000,0.0000000000,262656.0000000000,0.0000000000,2560.0000000000,1024.0000000000,0.0000000000,3.0000000000,0.0079712630,nan,0.0000000000,19560496.0000000000,0.0000000000,262656.0000000000
1,0,-9223372036854775808,0,126351808,2039694,262656,0,512,1536,0,3,0,-9223372036854775808,0,48649392,453305,262656,0,1536,1536,0,3,0,-9223372036854775808,0,19560496,0,262656,0,2560,1536,0,7,0,-9223372036854775808,0,19560496,0
0.1021849080,nan,0.0000000000,115264928.0000000000,1608563.0000000000,262656.0000000000,0.0000000000,512.0000000000,1024.0000000000,0.0000000000,5.0000000000,0.0332105720,nan,0.0000000000,48662384.0000000000,454510.0000000000,262656.0000000000,0.0000000000,1536.0000000000,1024.0000000000,0.0000000000,6.0000000000,0.0079973340,nan,0.0000000000,19560496.0000000000,0.0000000000,262656.0000000000,0.0000000000,2560.0000000000,1024.0000000000,0.0000000000,3.0000000000,0.0079711140,nan,0.0000000000,19560496.0000000000,0.0000000000,262656.0000000000
1,0,-9223372036854775808,0,124642016,2027341,262656,0,512,1536,0,3,0,-9223372036854775808,0,48650592,453174,262656,0,1536,1536,0,3,0,-9223372036854775808,0,19560496,0,262656,0,2560,1536,0,7,0,-9223372036854775808,0,19560496,0
0.1023541040,nan,0.0000000000,114583552.0000000000,1580035.0000000000,262656.0000000000,0.0000000000,512.0000000000,1024.0000000000,0.0000000000,5.0000000000,0.0332190450,nan,0.0000000000,48663888.0000000000,454485.0000000000,262656.0000000000,0.0000000000,1536.0000000000,1024.0000000000,0.0000000000,6.0000000000,0.0080075590,nan,0.0000000000,19560496.0000000000,0.0000000000,262656.0000000000,0.0000000000,2560.0000000000,1024.0000000000,0.0000000000,3.0000000000,0.0079499730,nan,0.0000000000,19560496.0000000000,0.0000000000,262656.0000000000
1,0,-9223372036854775808,0,123134160,1979200,262656,0,512,1536,0,3,0,-9223372036854775808,0,48649360,453031,262656,0,1536,1536,0,3,0,-9223372036854775808,0,19560496,0,262656,0,2560,1536,0,7,0,-9223372036854775808,0,19560496,0
0.1023422650,nan,0.0000000000,114077264.0000000000,1557492.0000000000,262656.0000000000,0.0000000000,512.0000000000,1024.0000000000,0.0000000000,5.0000000000,0.0332443030,nan,0.0000000000,48662912.0000000000,454453.0000000000,262656.0000000000,0.0000000000,1536.0000000000,1024.0000000000,0.0000000000,6.0000000000,0.0079896920,nan,0.0000000000,19560496.0000000000,0.0000000000,262656.0000000000,0.0000000000,2560.0000000000,1024.0000000000,0.0000000000,3.0000000000,0.0080034960,nan,0.0000000000,19560496.0000000000,0.0000000000,262656.0000000000
1,0,-9223372036854775808,0,121751568,1934532,262656,0,512,1536,0,3,0,-9223372036854775808,0,48647728,452928,262656,0,1536,1536,0,3,0,-9223372036854775808,0,19560496,0,262656,0,2560,1536,0,7,0,-9223372036854775808,0,19560496,0
0.1014727770,nan,0.0000000000,113623248.0000000000,1530899.0000000000,262656.0000000000,0.0000000000,512.0000000000,1024.0000000000,0.0000000000,5.0000000000,0.0332295870,nan,0.0000000000,48663488.0000000000,454392.0000000000,262656.0000000000,0.0000000000,1536.0000000000,1024.0000000000,0.0000000000,6.0000000000,0.0079687610,nan,0.0000000000,19560496.0000000000,0.0000000000,262656.0000000000,0.0000000000,2560.0000000000,1024.0000000000,0.0000000000,3.0000000000,0.0079670040,nan,0.0000000000,19560496.0000000000,0.0000000000,262656.0000000000
1,0,-9223372036854775808,0,120279024,1844267,262656,0,512,1536,0,3,0,-9223372036854775808,0,48644096,452860,262656,0,1536,1536,0,3,0,-9223372036854775808,0,19560496,0,262656,0,2560,1536,0,7,0,-9223372036854775808,0,19560496,0
0.0994255210,nan,0.0000000000,113258336.0000000000,1513919.0000000000,262656.0000000000,0.0000000000,512.0000000000,1024.0000000000,0.0000000000,5.0000000000,0.0331814720,nan,0.0000000000,48664160.0000000000,454421.0000000000,262656.0000000000,0.0000000000,1536.0000000000,1024.0000000000,0.0000000000,6.0000000000,0.0079977160,nan,0.0000000000,19560496.0000000000,0.0000000000,262656.0000000000,0.0000000000,2560.0000000000,1024.0000000000,0.0000000000,3.0000000000,0.0079858320,nan,0.0000000000,19560496.0000000000,0.0000000000,262656.0000000000
1,0,-9223372036854775808,0,119350624,1791392,262656,0,512,1536,0,3,0,-9223372036854775808,0,48645504,452818,262656,0,1536,1536,0,3,0,-9223372036854775808,0,19560496,0,262656,0,2560,1536,0,7,0,-9223372036854775808,0,19560496,0
0.0980634990,nan,0.0000000000,112943776.0000000000,1494836.0000000000,262656.0000000000,0.0000000000,512.0000000000,1024.0000000000,0.0000000000,5.0000000000,0.0332396840,nan,0.0000000000,48662672.0000000000,454417.0000000000,262656.0000000000,0.0000000000,1536.0000000000,1024.0000000000,0.0000000000,6.0000000000,0.0080038980,nan,0.0000000000,19560496.0000000000,0.0000000000,262656.0000000000,0.0000000000,2560.0000000000,1024.0000000000,0.0000000000,3.0000000000,0.0079634990,nan,0.0000000000,19560496.0000000000,0.0000000000,262656.0000000000
1,0,-9223372036854775808,0,118199792,1751169,262656,0,512,1536,0,3,0,-9223372036854775808,0,48645152,452740,262656,0,1536,1536,0,3,0,-9223372036854775808,0,19560496,0,262656,0,2560,1536,0,7,0,-9223372036854775808,0,19560496,0
0.0972664450,nan,0.0000000000,112671536.0000000000,1477746.0000000000,262656.0000000000,0.0000000000,512.0000000000,1024.0000000000,0.0000000000,5.0000000000,0.0332643710,nan,0.0000000000,48878896.0000000000,454433.0000000000,262656.0000000000,0.0000000000,1536.0000000000,1024.0000000000,0.0000000000,6.0000000000,0.0079933070,nan,0.0000000000,19560496.0000000000,0.0000000000,262656.0000000000,0.0000000000,2560.0000000000,1024.0000000000,0.0000000000,3.0000000000,0.0079740570,nan,0.0000000000,19560496.0000000000,0.0000000000,262656.0000000000
1,0,-9223372036854775808,0,117274336,1719680,262656,0,512,1536,0,3,0,-9223372036854775808,0,48646272,452729,262656,0,1536,1536,0,3,0,-9223372036854775808,0,19560496,0,262656,0,2560,1536,0,7,0,-9223372036854775808,0,19560496,0
0.0948580200,nan,0.0000000000,112475440.0000000000,1466714.0000000000,262656.0000000000,0.0000000000,512.0000000000,1024.0000000000,0.0000000000,5.0000000000,0.0332612440,nan,0.0000000000,53230768.0000000000,457221.0000000000,262656.0000000000,0.0000000000,1536.0000000000,1024.0000000000,0.0000000000,6.0000000000,0.0080011040,nan,0.0000000000,19560496.0000000000,0.0000000000,262656.0000000000,0.0000000000,2560.0000000000,1024.0000000000,0.0000000000,3.0000000000,0.0079689070,nan,0.0000000000,19560496.0000000000,0.0000000000,262656.0000000000
1,0,-9223372036854775808,0,116630944,1684048,262656,0,512,1536,0,3,0,-9223372036854775808,0,48802176,452668,262656,0,1536,1536,0,3,0,-9223372036854775808,0,19560496,0,262656,0,2560,1536,0,7,0,-9223372036854775808,0,19560496,0
0.0927647060,nan,0.0000000000,112300048.0000000000,1453798.0000000000,262656.0000000000,0.0000000000,512.0000000000,1024.0000000000,0.0000000000,5.0000000000,0.0332349130,nan,0.0000000000,56994528.0000000000,483157.0000000000,262656.0000000000,0.0000000000,1536.0000000000,1024.0000000000,0.0000000000,6.0000000000,0.0080012550,nan,0.0000000000,19560496.0000000000,0.0000000000,262656.0000000000,0.0000000000,2560.0000000000,1024.0000000000,0.0000000000,3.0000000000,0.0079618420,nan,0.0000000000,19560496.0000000000,0.0000000000,262656.0000000000
1,0,-9223372036854775808,0,115888416,1652429,262656,0,512,1536,0,3,0,-9223372036854775808,0,50254592,452802,262656,0,1536,1536,0,3,0,-9223372036854775808,0,19560496,0,262656,0,2560,1536,0,7,0,-9223372036854775808,0,19560496,0
0.0910959220,nan,0.0000000000,112180992.0000000000,1443724.0000000000,262656.0000000000,0.0000000000,512.0000000000,1024.0000000000,0.0000000000,5.0000000000,0.0333539530,nan,0.0000000000,57679600.0000000000,507882.0000000000,262656.0000000000,0.0000000000,1536.0000000000,1024.0000000000,0.0000000000,6.0000000000,0.0080021460,nan,0.0000000000,19560496.0000000000,0.0000000000,262656.0000000000,0.0000000000,2560.0000000000,1024.0000000000,0.0000000000,3.0000000000,0.0079794320,nan,0.0000000000,19560496.0000000000,0.0000000000,262656.0000000000
1,0,-9223372036854775808,0,115343936,1624031,262656,0,512,1536,0,3,0,-9223372036854775808,0,51639136,453009,262656,0,1536,1536,0,3,0,-9223372036854775808,0,19560496,0,262656,0,2560,1536,0,7,0,-9223372036854775808,0,19560496,0
0.0893583730,nan,0.0000000000,112088448.0000000000,1434245.0000000000,262656.0000000000,0.0000000000,512.0000000000,1024.0000000000,0.0000000000,5.0000000000,0.0336564270,nan,0.0000000000,57190544.0000000000,526026.0000000000,262656.0000000000,0.0000000000,1536.0000000000,1024.0000000000,0.0000000000,6.0000000000,0.0079971570,nan,0.0000000000,19560496.0000000000,0.0000000000,262656.0000000000,0.0000000000,2560.0000000000,1024.0000000000,0.0000000000,3.0000000000,0.0079731690,nan,0.0000000000,19560496.0000000000,0.0000000000,262656.0000000000
1,0,-9223372036854775808,0,114804176,1595651,262656,0,512,1536,0,3,0,-9223372036854775808,0,52655200,453505,262656,0,1536,1536,0,3,0,-9223372036854775808,0,19560496,0,262656,0,2560,1536,0,7,0,-9223372036854775808,0,19560496,0
0.0881024250,nan,0.0000000000,112016896.0000000000,1424676.0000000000,262656.0000000000,0.0000000000,512.0000000000,1024.0000000000,0.0000000000,5.0000000000,0.0339889200,nan,0.0000000000,55445344.0000000000,535627.0000000000,262656.0000000000,0.0000000000,1536.0000000000,1024.0000000000,0.0000000000,6.0000000000,0.0079879090,nan,0.0000000000,19560496.0000000000,0.0000000000,262656.0000000000,0.0000000000,2560.0000000000,1024.0000000000,0.0000000000,3.0000000000,0.0079699110,nan,0.0000000000,19560496.0000000000,0.0000000000,262656.0000000000
1,0,-9223372036854775808,0,114250752,1567839,262656,0,512,1536,0,3,0,-9223372036854775808,0,53192912,456674,262656,0,1536,1536,0,3,0,-9223372036854775808,0,19560496,0,262656,0,2560,1536,0,7,0,-9223372036854775808,0,19560496,0
0.0878469170,nan,0.0000000000,111950096.0000000000,1416532.0000000000,262656.0000000000,0.0000000000,512.0000000000,1024.0000000000,0.0000000000,5.0000000000,0.0345217790,nan,0.0000000000,53075520.0000000000,533668.0000000000,262656.0000000000,0.0000000000,1536.0000000000,1024.0000000000,0.0000000000,6.0000000000,0.0079947810,nan,0.0000000000,19560496.0000000000,0.0000000000,262656.0000000000,0.0000000000,2560.0000000000,1024.0000000000,0.0000000000,3.0000000000,0.0079920450,nan,0.0000000000,19560496.0000000000,0.0000000000,262656.0000000000
1,0,-9223372036854775808,0,113791120,1549709,262656,0,512,1536,0,3,0,-9223372036854775808,0,53107168,462596,262656,0,1536,1536,0,3,0,-9223372036854775808,0,19560496,0,262656,0,2560,1536,0,7,0,-9223372036854775808,0,19560496,0
0.0877480900,nan,0.0000000000,111907360.0000000000,1409349.0000000000,262656.0000000000,0.0000000000,512.0000000000,1024.0000000000,0.0000000000,5.0000000000,0.0349379140,nan,0.0000000000,50725104.0000000000,518054.0000000000,262656.0000000000,0.0000000000,1536.0000000000,1024.0000000000,0.0000000000,6.0000000000,0.0079913730,nan,0.0000000000,19560496.0000000000,0.0000000000,262656.0000000000,0.0000000000,2560.0000000000,1024.0000000000,0.0000000000,3.0000000000,0.0079798000,nan,0.0000000000,19560496.0000000000,0.0000000000,262656.0000000000
1,0,-9223372036854775808,0,113381600,1526219,262656,0,512,1536,0,3,0,-9223372036854775808,0,52307472,470595,262656,0,1536,1536,0,3,0,-9223372036854775808,0,19560496,0,262656,0,2560,1536,0,7,0,-9223372036854775808,0,19560496,0
0.0867143490,nan,0.0000000000,111855024.0000000000,1403759.0000000000,262656.0000000000,0.0000000000,512.0000000000,1024.0000000000,0.0000000000,5.0000000000,0.0363149570,nan,0.0000000000,48817968.0000000000,493277.0000000000,262656.0000000000,0.0000000000,1536.0000000000,1024.0000000000,0.0000000000,6.0000000000,0.0080076140,nan,0.0000000000,19560496.0000000000,0.0000000000,262656.0000000000,0.0000000000,2560.0000000000,1024.0000000000,0.0000000000,3.0000000000,0.0079899810,nan,0.0000000000,19560496.0000000000,0.0000000000,262656.0000000000
1,0,-9223372036854775808,0,113076016,1510891,262656,0,512,1536,0,3,0,-9223372036854775808,0,50967472,480390,262656,0,1536,1536,0,3,0,-9223372036854775808,0,19560496,0,262656,0,2560,1536,0,7,0,-9223372036854775808,0,19560496,0
0.0866350130,nan,0.0000000000,111820160.0000000000,1398096.0000000000,262656.0000000000,0.0000000000,512.0000000000,1024.0000000000,0.0000000000,5.0000000000,0.0370039020,nan,0.0000000000,47217920.0000000000,458682.0000000000,262656.0000000000,0.0000000000,1536.0000000000,1024.0000000000,0.0000000000,6.0000000000,0.0079893700,nan,0.0000000000,19560496.0000000000,0.0000000000,262656.0000000000,0.0000000000,2560.0000000000,1024.0000000000,0.0000000000,3.0000000000,0.0079768450,nan,0.0000000000,19560496.0000000000,0.0000000000,262656.0000000000
1,0,-9223372036854775808,0,112753072,1494777,262656,0,512,1536,0,3,0,-9223372036854775808,0,49071024,490825,262656,0,1536,1536,0,3,0,-9223372036854775808,0,19560496,0,262656,0,2560,1536,0,7,0,-9223372036854775808,0,19560496,0
0.0864296570,nan,0.0000000000,111781120.0000000000,1394721.0000000000,262656.0000000000,0.0000000000,512.0000000000,1024.0000000000,0.0000000000,5.0000000000,0.0389892920,nan,0.0000000000,45475456.0000000000,414428.0000000000,262656.0000000000,0.0000000000,1536.0000000000,1024.0000000000,0.0000000000,6.0000000000,0.0080099590,nan,0.0000000000,19560496.0000000000,0.0000000000,262656.0000000000,0.0000000000,2560.0000000000,1024.0000000000,0.0000000000,3.0000000000,0.0079834950,nan,0.0000000000,19560496.0000000000,0.0000000000,262656.0000000000
1,0,-9223372036854775808,0,112550864,1478100,262656,0,512,1536,0,3,0,-9223372036854775808,0,46611632,501634,262656,0,1536,1536,0,3,0,-9223372036854775808,0,19560496,0,262656,0,2560,1536,0,7,0,-9223372036854775808,0,19560496,0
0.0875476050,nan,0.0000000000,112735136.0000000000,1391434.0000000000,262656.0000000000,0.0000000000,512.0000000000,1024.0000000000,0.0000000000,3.0000000000,0.0398580020,nan,0.0000000000,40749376.0000000000,371134.0000000000,262656.0000000000,0.0000000000,1536.0000000000,1024.0000000000,0.0000000000,2.0000000000,0.0079916840,nan,0.0000000000,19560496.0000000000,0.0000000000,262656.0000000000,0.0000000000,2560.0000000000,1024.0000000000,0.0000000000,5.0000000000,0.0079709950,nan,0.0000000000,19560496.0000000000,0.0000000000,262656.0000000000
0,0,-9223372036854775808,0,112346144,1467675,262656,0,512,1536,0,4,0,-9223372036854775808,0,44009408,494152,262656,0,1536,1536,0,4,0,-9223372036854775808,0,19560496,0,262656,0,2560,1536,0,1,0,-9223372036854775808,0,19560496,0
0.0854395520,nan,0.0000000000,114521344.0000000000,1400285.0000000000,262656.0000000000,0.0000000000,512.0000000000,1024.0000000000,0.0000000000,3.0000000000,0.0372182230,nan,0.0000000000,38526064.0000000000,327365.0000000000,262656.0000000000,0.0000000000,1536.0000000000,1024.0000000000,0.0000000000,2.0000000000,0.0079805820,nan,0.0000000000,19560496.0000000000,0.0000000000,262656.0000000000,0.0000000000,2560.0000000000,1024.0000000000,0.0000000000,5.0000000000,0.0079883480,nan,0.0000000000,19560496.0000000000,0.0000000000,262656.0000000000
0,0,-9223372036854775808,0,112839024,1454067,262656,0,512,1536,0,4,0,-9223372036854775808,0,41712496,472316,262656,0,1536,1536,0,4,0,-9223372036854775808,0,19560496,0,262656,0,2560,1536,0,1,0,-9223372036854775808,0,19560496,0
0.0853912240,nan,0.0000000000,116072672.0000000000,1424540.0000000000,262656.0000000000,0.0000000000,512.0000000000,1024.0000000000,0.0000000000,3.0000000000,0.0341254560,nan,0.0000000000,37373952.0000000000,297992.0000000000,262656.0000000000,0.0000000000,1536.0000000000,1024.0000000000,0.0000000000,2.0000000000,0.0080099290,nan,0.0000000000,19560496.0000000000,0.0000000000,262656.0000000000,0.0000000000,2560.0000000000,1024.0000000000,0.0000000000,5.0000000000,0.0079871850,nan,0.0000000000,19560496.0000000000,0.0000000000,262656.0000000000
0,0,-9223372036854775808,0,114198496,1445351,262656,0,512,1536,0,4,0,-9223372036854775808,0,40020352,435265,262656,0,1536,1536,0,4,0,-9223372036854775808,0,19560496,0,262656,0,2560,1536,0,1,0,-9223372036854775808,0,19560496,0
0.0854549850,nan,0.0000000000,117436592.0000000000,1457635.0000000000,262656.0000000000,0.0000000000,512.0000000000,1024.0000000000,0.0000000000,3.0000000000,0.0330016320,nan,0.0000000000,36834560.0000000000,274739.0000000000,262656.0000000000,0.0000000000,1536.0000000000,1024.0000000000,0.0000000000,2.0000000000,0.0079944300,nan,0.0000000000,19560496.0000000000,0.0000000000,262656.0000000000,0.0000000000,2560.0000000000,1024.0000000000,0.0000000000,5.0000000000,0.0079743710,nan,0.0000000000,19560496.0000000000,0.0000000000,262656.0000000000
0,0,-9223372036854775808,0,116050016,1438976,262656,0,512,1536,0,4,0,-9223372036854775808,0,38688768,393344,262656,0,1536,1536,0,4,0,-9223372036854775808,0,19560496,0,262656,0,2560,1536,0,1,0,-9223372036854775808,0,19560496,0
0.0862167780,nan,0.0000000000,118365296.0000000000,1487162.0000000000,262656.0000000000,0.0000000000,512.0000000000,1024.0000000000,0.0000000000,3.0000000000,0.0296080270,nan,0.0000000000,36728112.0000000000,262879.0000000000,262656.0000000000,0.0000000000,1536.0000000000,1024.0000000000,0.0000000000,2.0000000000,0.0079745490,nan,0.0000000000,19560496.0000000000,0.0000000000,262656.0000000000,0.0000000000,2560.0000000000,1024.0000000000,0.0000000000,5.0000000000,0.0079981260,nan,0.0000000000,19560496.0000000000,0.0000000000,262656.0000000000
0,0,-9223372036854775808,0,117700400,1447442,262656,0,512,1536,0,4,0,-9223372036854775808,0,37988784,340142,262656,0,1536,1536,0,4,0,-9223372036854775808,0,19560496,0,262656,0,2560,1536,0,1,0,-9223372036854775808,0,19560496,0
0.0878025520,nan,0.0000000000,119298160.0000000000,1504829.0000000000,262656.0000000000,0.0000000000,512.0000000000,1024.0000000000,0.0000000000,3.0000000000,0.0264290940,nan,0.0000000000,36637760.0000000000,255623.0000000000,262656.0000000000,0.0000000000,1536.0000000000,1024.0000000000,0.0000000000,2.0000000000,0.0079728870,nan,0.0000000000,19560496.0000000000,0.0000000000,262656.0000000000,0.0000000000,2560.0000000000,1024.0000000000,0.0000000000,5.0000000000,0.0079784090,nan,0.0000000000,19560496.0000000000,0.0000000000,262656.0000000000
0,0,-9223372036854775808,0,118690432,1468814,262656,0,512,1536,0,4,0,-9223372036854775808,0,37572608,303007,262656,0,1536,1536,0,4,0,-9223372036854775808,0,19560496,0,262656,0,2560,1536,0,1,0,-9223372036854775808,0,19560496,0
0.0903826390,nan,0.0000000000,120135472.0000000000,1520102.0000000000,262656.0000000000,0.0000000000,512.0000000000,1024.0000000000,0.0000000000,2.0000000000,0.0242801210,nan,0.0000000000,36640736.0000000000,251641.0000000000,262656.0000000000,0.0000000000,1536.0000000000,1024.0000000000,0.0000000000,2.0000000000,0.0080077460,nan,0.0000000000,19560496.0000000000,0.0000000000,262656.0000000000,0.0000000000,2560.0000000000,1024.0000000000,0.0000000000,5.0000000000,0.0079788710,nan,0.0000000000,19560496.0000000000,0.0000000000,262656.0000000000
0,0,-9223372036854775808,0,119539296,1491651,262656,0,512,1536,0,4,0,-9223372036854775808,0,37324096,286608,262656,0,1536,1536,0,3,0,-9223372036854775808,0,19560496,0,262656,0,2560,1536,0,4,0,-9223372036854775808,0,19560496,0
0.0925106520,nan,0.0000000000,121003328.0000000000,1533615.0000000000,262656.0000000000,0.0000000000,512.0000000000,1024.0000000000,0.0000000000,2.0000000000,0.0241470530,nan,0.0000000000,36603840.0000000000,249310.0000000000,262656.0000000000,0.0000000000,1536.0000000000,1024.0000000000,0.0000000000,2.0000000000,0.0080152320,nan,0.0000000000,19560496.0000000000,0.0000000000,262656.0000000000,0.0000000000,2560.0000000000,1024.0000000000,0.0000000000,5.0000000000,0.0079840590,nan,0.0000000000,19560496.0000000000,0.0000000000,262656.0000000000
0,0,-9223372036854775808,0,120296848,1530087,262656,0,512,1536,0,4,0,-9223372036854775808,0,37212704,277449,262656,0,1536,1536,0,3,0,-9223372036854775808,0,19560496,0,262656,0,2560,1536,0,4,0,-9223372036854775808,0,19560496,0
0.0956856710,nan,0.0000000000,121234848.0000000000,1540088.0000000000,262656.0000000000,0.0000000000,512.0000000000,1024.0000000000,0.0000000000,2.0000000000,0.0231069090,nan,0.0000000000,36610848.0000000000,248450.0000000000,262656.0000000000,0.0000000000,1536.0000000000,1024.0000000000,0.0000000000,2.0000000000,0.0079806730,nan,0.0000000000,19566768.0000000000,41.0000000000,262656.0000000000,0.0000000000,2560.0000000000,1024.0000000000,0.0000000000,5.0000000000,0.0079691290,nan,0.0000000000,19560496.0000000000,0.0000000000,262656.0000000000
0,0,-9223372036854775808,0,120653232,1562182,262656,0,512,1536,0,4,0,-9223372036854775808,0,37171984,269054,262656,0,1536,1536,0,3,0,-9223372036854775808,0,19562848,0,262656,0,2560,1536,0,4,0,-9223372036854775808,0,19560496,0
0.0966423880,nan,0.0000000000,121014864.0000000000,1542364.0000000000,262656.0000000000,0.0000000000,512.0000000000,1024.0000000000,0.0000000000,2.0000000000,0.0232227720,nan,0.0000000000,36637328.0000000000,246961.0000000000,262656.0000000000,0.0000000000,1536.0000000000,1024.0000000000,0.0000000000,2.0000000000,0.0079887700,nan,0.0000000000,21330992.0000000000,2134.0000000000,262656.0000000000,0.0000000000,2560.0000000000,1024.0000000000,0.0000000000,5.0000000000,0.0079732590,nan,0.0000000000,19560496.0000000000,0.0000000000,262656.0000000000
0,0,-9223372036854775808,0,120796272,1577777,262656,0,512,1536,0,4,0,-9223372036854775808,0,37103936,260946,262656,0,1536,1536,0,3,0,-9223372036854775808,0,19680000,0,262656,0,2560,1536,0,4,0,-9223372036854775808,0,19560496,0
0.0981609420,nan,0.0000000000,120413376.0000000000,1533071.0000000000,262656.0000000000,0.0000000000,512.0000000000,1024.0000000000,0.0000000000,2.0000000000,0.0231482600,nan,0.0000000000,36702512.0000000000,245953.0000000000,262656.0000000000,0.0000000000,1536.0000000000,1024.0000000000,0.0000000000,2.0000000000,0.0080008630,nan,0.0000000000,23366144.0000000000,15193.0000000000,262656.0000000000,0.0000000000,2560.0000000000,1024.0000000000,0.0000000000,5.0000000000,0.0079645600,nan,0.0000000000,19560496.0000000000,0.0000000000,262656.0000000000
0,0,-9223372036854775808,0,120271584,1588489,262656,0,512,1536,0,4,0,-9223372036854775808,0,37062672,256501,262656,0,1536,1536,0,3,0,-9223372036854775808,0,20411360,22,262656,0,2560,1536,0,4,0,-9223372036854775808,0,19560496,0
0.0985528690,nan,0.0000000000,119611536.0000000000,1517312.0000000000,262656.0000000000,0.0000000000,512.0000000000,1024.0000000000,0.0000000000,2.0000000000,0.0232695520,nan,0.0000000000,36778752.0000000000,245048.0000000000,262656.0000000000,0.0000000000,1536.0000000000,1024.0000000000,0.0000000000,2.0000000000,0.0104160000,nan,0.0000000000,24438544.0000000000,30838.0000000000,262656.0000000000,0.0000000000,2560.0000000000,1024.0000000000,0.0000000000,5.0000000000,0.0079887750,nan,0.0000000000,19560496.0000000000,0.0000000000,262656.0000000000
0,0,-9223372036854775808,0,119456496,1586951,262656,0,512,1536,0,4,0,-9223372036854775808,0,37020944,251917,262656,0,1536,1536,0,3,0,-9223372036854775808,0,21287456,76,262656,0,2560,1536,0,4,0,-9223372036854775808,0,19560496,0
0.0983161220,nan,0.0000000000,118695984.0000000000,1500551.0000000000,262656.0000000000,0.0000000000,512.0000000000,1024.0000000000,0.0000000000,2.0000000000,0.0233033890,nan,0.0000000000,36888592.0000000000,244573.0000000000,262656.0000000000,0.0000000000,1536.0000000000,1024.0000000000,0.0000000000,2.0000000000,0.0105167340,nan,0.0000000000,25160608.0000000000,43012.0000000000,262656.0000000000,0.0000000000,2560.0000000000,1024.0000000000,0.0000000000,5.0000000000,0.0079756910,nan,0.0000000000,19560496.0000000000,0.0000000000,262656.0000000000
0,0,-9223372036854775808,0,118521248,1581648,262656,0,512,1536,0,4,0,-9223372036854775808,0,37018912,249400,262656,0,1536,1536,0,3,0,-9223372036854775808,0,21969168,2098,262656,0,2560,1536,0,4,0,-9223372036854775808,0,19560496,0
0.0982051190,nan,0.0000000000,117834000.0000000000,1485793.0000000000,262656.0000000000,0.0000000000,512.0000000000,1024.0000000000,0.0000000000,2.0000000000,0.0233329650,nan,0.0000000000,37012224.0000000000,244712.0000000000,262656.0000000000,0.0000000000,1536.0000000000,1024.0000000000,0.0000000000,2.0000000000,0.0106218890,nan,0.0000000000,25435120.0000000000,54228.0000000000,262656.0000000000,0.0000000000,2560.0000000000,1024.0000000000,0.0000000000,5.0000000000,0.0079993070,nan,0.0000000000,19560496.0000000000,0.0000000000,262656.0000000000
0,0,-9223372036854775808,0,117684208,1567685,262656,0,512,1536,0,4,0,-9223372036854775808,0,37047696,247674,262656,0,1536,1536,0,3,0,-9223372036854775808,0,22597264,5922,262656,0,2560,1536,0,4,0,-9223372036854775808,0,19560496,0
0.0963554340,nan,0.0000000000,117017248.0000000000,1474835.0000000000,262656.0000000000,0.0000000000,512.0000000000,1024.0000000000,0.0000000000,2.0000000000,0.0234603880,nan,0.0000000000,37159232.0000000000,244898.0000000000,262656.0000000000,0.0000000000,1536.0000000000,1024.0000000000,0.0000000000,2.0000000000,0.0106435120,nan,0.0000000000,25422416.0000000000,62432.0000000000,262656.0000000000,0.0000000000,2560.0000000000,1024.0000000000,0.0000000000,5.0000000000,0.0079722730,nan,0.0000000000,19560496.0000000000,0.0000000000,262656.0000000000
0,0,-9223372036854775808,0,117017392,1551021,262656,0,512,1536,0,4,0,-9223372036854775808,0,37086352,245896,262656,0,1536,1536,0,3,0,-9223372036854775808,0,23056688,11105,262656,0,2560,1536,0,4,0,-9223372036854775808,0,19560496,0
0.0947764850,nan,0.0000000000,116269232.0000000000,1463853.0000000000,262656.0000000000,0.0000000000,512.0000000000,1024.0000000000,0.0000000000,2.0000000000,0.0235141760,nan,0.0000000000,37333920.0000000000,245964.0000000000,262656.0000000000,0.0000000000,1536.0000000000,1024.0000000000,0.0000000000,2.0000000000,0.0118185010,nan,0.0000000000,25378944.0000000000,66884.0000000000,262656.0000000000,0.0000000000,2560.0000000000,1024.0000000000,0.0000000000,5.0000000000,0.0079943980,nan,0.0000000000,19560496.0000000000,0.0000000000,262656.0000000000
0,0,-9223372036854775808,0,116397776,1536029,262656,0,512,1536,0,4,0,-9223372036854775808,0,37180080,245160,262656,0,1536,1536,0,3,0,-9223372036854775808,0,23306000,17366,262656,0,2560,1536,0,4,0,-9223372036854775808,0,19560496,0
0.0946008570,nan,0.0000000000,115607296.0000000000,1456130.0000000000,262656.0000000000,0.0000000000,512.0000000000,1024.0000000000,0.0000000000,2.0000000000,0.0236726210,nan,0.0000000000,37537696.0000000000,247327.0000000000,262656.0000000000,0.0000000000,1536.0000000000,1024.0000000000,0.0000000000,2.0000000000,0.0119146670,nan,0.0000000000,25317728.0000000000,68055.0000000000,262656.0000000000,0.0000000000,2560.0000000000,1024.0000000000,0.0000000000,5.0000000000,0.0079804810,nan,0.0000000000,19560496.0000000000,0.0000000000,262656.0000000000
0,0,-9223372036854775808,0,115985568,1515891,262656,0,512,1536,0,4,0,-9223372036854775808,0,37290896,243967,262656,0,1536,1536,0,3,0,-9223372036854775808,0,23371632,24670,262656,0,2560,1536,0,4,0,-9223372036854775808,0,19560496,0
0.0928792290,nan,0.0000000000,115091040.0000000000,1447873.0000000000,262656.0000000000,0.0000000000,512.0000000000,1024.0000000000,0.0000000000,2.0000000000,0.0237370420,nan,0.0000000000,37792064.0000000000,249309.0000000000,262656.0000000000,0.0000000000,1536.0000000000,1024.0000000000,0.0000000000,2.0000000000,0.0139736670,nan,0.0000000000,25240960.0000000000,68193.0000000000,262656.0000000000,0.0000000000,2560.0000000000,1024.0000000000,0.0000000000,5.0000000000,0.0079863000,nan,0.0000000000,19560496.0000000000,0.0000000000,262656.0000000000
0,0,-9223372036854775808,0,115494176,1507190,262656,0,512,1536,0,4,0,-9223372036854775808,0,37449168,243777,262656,0,1536,1536,0,3,0,-9223372036854775808,0,23381024,30654,262656,0,2560,1536,0,4,0,-9223372036854775808,0,19560496,0
0.0928882930,nan,0.0000000000,114632640.0000000000,1441798.0000000000,262656.0000000000,0.0000000000,512.0000000000,1024.0000000000,0.0000000000,2.0000000000,0.0237967820,nan,0.0000000000,38086400.0000000000,252199.0000000000,262656.0000000000,0.0000000000,1536.0000000000,1024.0000000000,0.0000000000,2.0000000000,0.0141163230,nan,0.0000000000,25025072.0000000000,68213.0000000000,262656.0000000000,0.0000000000,2560.0000000000,1024.0000000000,0.0000000000,5.0000000000,0.0080001590,nan,0.0000000000,19560496.0000000000,0.0000000000,262656.0000000000
0,0,-9223372036854775808,0,115171648,1497883,262656,0,512,1536,0,4,0,-9223372036854775808,0,37658096,243625,262656,0,1536,1536,0,3,0,-9223372036854775808,0,23382736,33914,262656,0,2560,1536,0,4,0,-9223372036854775808,0,19560496,0
0.0929506060,nan,0.0000000000,114239648.0000000000,1438570.0000000000,262656.0000000000,0.0000000000,512.0000000000,1024.0000000000,0.0000000000,2.0000000000,0.0238523290,nan,0.0000000000,38400784.0000000000,255580.0000000000,262656.0000000000,0.0000000000,1536.0000000000,1024.0000000000,0.0000000000,2.0000000000,0.0140534090,nan,0.0000000000,23170640.0000000000,60516.0000000000,262656.0000000000,0.0000000000,2560.0000000000,1024.0000000000,0.0000000000,5.0000000000,0.0079738690,nan,0.0000000000,19560496.0000000000,0.0000000000,262656.0000000000
0,0,-9223372036854775808,0,114956240,1492734,262656,0,512,1536,0,4,0,-9223372036854775808,0,37908400,243715,262656,0,1536,1536,0,3,0,-9223372036854775808,0,22990304,36139,262656,0,2560,1536,0,4,0,-9223372036854775808,0,19560496,0
0.0922221050,nan,0.0000000000,113903280.0000000000,1432845.0000000000,262656.0000000000,0.0000000000,512.0000000000,1024.0000000000,0.0000000000,2.0000000000,0.0241333640,nan,0.0000000000,38782720.0000000000,259816.0000000000,262656.0000000000,0.0000000000,1536.0000000000,1024.0000000000,0.0000000000,2.0000000000,0.0140597530,nan,0.0000000000,21716816.0000000000,48427.0000000000,262656.0000000000,0.0000000000,2560.0000000000,1024.0000000000,0.0000000000,5.0000000000,0.0079665850,nan,0.0000000000,19560496.0000000000,0.0000000000,262656.0000000000
0,0,-9223372036854775808,0,114637600,1488530,262656,0,512,1536,0,4,0,-9223372036854775808,0,38211680,244458,262656,0,1536,1536,0,3,0,-9223372036854775808,0,22343568,37443,262656,0,2560,1536,0,4,0,-9223372036854775808,0,19560496,0
0.0929758130,nan,0.0000000000,113604912.0000000000,1431184.0000000000,262656.0000000000,0.0000000000,512.0000000000,1024.0000000000,0.0000000000,2.0000000000,0.0241128630,nan,0.0000000000,39229056.0000000000,264333.0000000000,262656.0000000000,0.0000000000,1536.0000000000,1024.0000000000,0.0000000000,2.0000000000,0.0139681160,nan,0.0000000000,20940480.0000000000,35117.0000000000,262656.0000000000,0.0000000000,2560.0000000000,1024.0000000000,0.0000000000,5.0000000000,0.0079862020,nan,0.0000000000,19560496.0000000000,0.0000000000,262656.0000000000
0,0,-9223372036854775808,0,114552288,1481773,262656,0,512,1536,0,4,0,-9223372036854775808,0,38539520,245556,262656,0,1536,1536,0,3,0,-9223372036854775808,0,21582592,37397,262656,0,2560,1536,0,4,0,-9223372036854775808,0,19560496,0
