step,step_time
1,1.407586729
2,0.879641698
3,0.878818146
4,1.007279005
5,0.887873875
6,0.880430193
7,1.032941592
8,1.078544411
9,1.050003199
10,1.174199463
11,1.079576035
12,0.936455644
13,0.909643414
14,0.909361088
15,0.912741665
16,0.950678222
17,1.741104149
18,1.48513862
19,1.472025987
20,1.288625587
21,1.235544118
22,0.920153504
23,0.920482922
24,0.956855505
25,0.926371257
26,0.921029138
27,0.920612292
28,1.323689641
29,0.92435621
30,0.920324776
31,0.920275451
32,0.956939477
33,0.924926403
34,1.271239369
35,0.91994
36,0.956120249
37,0.923729695
38,0.919849826
39,0.919263915
40,0.955387092
41,0.923495493
42,0.918539584
43,0.918945108
44,0.955354409
45,0.92260449
46,0.918479297
47,0.918163858
48,0.955125106
49,0.922386339
50,1.320078193
51,1.267679157
52,0.954810954
53,0.922403379
54,0.918882343
55,0.918445238
56,0.95504705
57,0.923479479
58,0.917727531
59,0.919114662
60,0.954870829
61,0.922181159
62,0.918016419
63,0.918876001
64,0.954837274
65,0.921883905
66,0.91768594
67,0.917640403
68,0.954856181
69,0.921811615
70,0.917805932
71,0.917733913
72,0.955042793
73,0.92188603
74,0.917854617
75,0.917803698
76,0.954575198
77,0.923137299
78,0.919864331
79,0.917876198
80,0.956109955
81,0.921558997
82,0.918033673
83,0.917741347
84,0.955203142
85,0.924793449
86,0.918608293
87,0.917942086
88,0.954826494
89,0.921650103
90,0.920006907
91,0.920941513
92,0.954949201
93,0.922628806
94,0.917847272
95,0.917811323
96,3.135180841
97,3.300098028
98,3.174163865
99,3.401167105
100,16.8769744
101,0.970456582
102,0.849031827
103,0.495282539
104,0.510701973
105,0.494771061
106,0.494622885
107,0.496996332
108,0.512513555
109,0.494626662
110,0.494772093
111,0.496342067
112,0.508831969
113,0.494695194
114,0.497348523
115,0.498122619
116,0.510989239
117,0.497006331
118,0.496476778
119,0.500950415
120,0.516036273
121,0.498317786
122,0.498062142
123,0.494933134
124,0.510409368
125,0.496402114
126,0.496338691
127,0.497356458
128,0.508820556
129,0.494203304
130,0.495084748
131,0.494778786
132,0.51030143
133,0.494592125
134,0.495409344
135,0.494974224
136,0.508802962
137,0.49450155
138,0.497468054
139,0.495153149
140,0.509218195
141,0.494462776
142,0.494577777
143,0.49670582
144,0.508486411
145,0.494534233
146,0.495016876
147,0.496025105
148,0.508797
149,0.494785238
150,0.677096661
151,0.611867171
152,0.510890698
153,0.49765222
154,0.494948845
155,0.496454175
156,0.508701687
157,0.494296524
158,0.494812221
159,0.494344667
160,0.50895633
161,0.858726063
162,0.495469932
163,0.494375787
164,0.508869832
165,0.494610351
166,0.49466174
167,0.494805508
168,0.509146877
169,0.495061542
170,0.494976908
171,0.494829735
172,0.508947522
173,0.495870226
174,0.496710119
175,0.494674675
176,0.508880002
177,0.494866916
178,0.494798264
179,0.494501781
180,0.509152438
181,0.493972187
182,0.494485169
183,0.494589109
184,0.508749189
185,0.496322269
186,0.494772294
187,0.494772032
188,0.509440445
189,0.494195599
190,0.494885742
191,0.494329898
192,0.509238434
193,0.494499887
194,0.494680987
195,0.494451804
196,0.833111875
197,0.936687953
198,0.936920061
199,0.938597263
200,17.1580381
201,0.614256325
202,0.494685337
203,0.494964546
204,0.510368972
205,0.49765086
206,0.495336626
207,0.495092713
208,0.509320004
209,0.494758719
210,0.494658605
211,0.49499766
212,0.508968465
213,0.494783988
214,0.495160154
215,0.495142681
216,0.508954197
217,0.494752928
218,0.495057567
219,0.495635173
220,0.508703132
221,0.494813094
222,0.495372806
223,0.495234789
224,0.508858422
225,0.49484217
226,0.495177007
227,0.494693924
228,0.508688634
229,0.495034141
230,0.494939619
231,0.495243005
232,0.509293693
233,0.497490078
234,0.494665238
235,0.499029142
236,0.508968103
237,0.49436107
238,0.495269486
239,0.495114005
240,0.509355221
241,0.495879886
242,0.494915272
243,0.494604781
244,0.509408285
245,0.494285815
246,0.495102323
247,0.495200623
248,0.509084409
249,0.495078467
250,0.676081628
251,0.612527594
252,0.509066895
253,0.494692601
254,0.494523484
255,0.495119135
256,0.509024132
257,0.494564793
258,0.494337213
259,0.494782375
260,0.509807667
261,0.494610402
262,0.495236803
263,0.495476626
264,0.512079809
265,0.498161526
266,0.494715095
267,0.49492465
268,0.509112493
269,0.49549941
270,0.494929559
271,0.495682134
272,0.509140287
273,0.495234609
274,0.494936683
275,0.845407237
276,0.509619422
277,0.494995226
278,0.494893529
279,0.495224349
280,0.509160095
281,0.49465586
282,0.495023971
283,0.495114386
284,0.509094548
285,0.494879883
286,0.495210111
287,0.495216944
288,0.509504862
289,0.494871617
290,0.494891986
291,0.494755112
292,0.510116434
293,0.494771653
294,0.49588249
295,0.494811421
296,0.834324716
297,0.939199617
298,0.936824747
299,0.93780889
300,16.19179383
301,0.613647643
302,0.495399972
303,0.495342221
304,0.509820878
305,0.495273707
306,0.495998419
307,0.495349915
308,0.509897106
309,0.496042874
310,0.495756391
311,0.495571985
312,0.509948966
313,0.495182131
314,0.49543007
315,0.495602584
316,0.509987329
317,0.495374633
318,0.495620388
319,0.500789991
320,0.510922206
321,0.495699271
322,0.835224759
323,0.496465382
324,0.510176515
325,0.496111768
326,0.496046121
327,0.496386008
328,0.510758821
329,0.496093823
330,0.496041733
331,0.496549785
332,0.510924461
333,0.496409383
334,0.496222533
335,0.496798826
336,0.510881979
337,0.496694936
338,0.496535847
339,0.497439153
340,0.511890328
341,0.497792396
342,0.498236195
343,0.498615789
344,0.513079125
345,0.498214763
346,0.498640446
347,0.499388422
348,0.513476986
349,0.498650254
350,0.680513935
351,0.617313439
352,0.513919871
353,0.498774675
354,0.499047233
355,0.499682159
356,0.513585264
357,0.499127748
358,0.499508363
359,0.499527621
360,0.513933728
361,0.499220337
362,0.500749271
363,0.499888949
364,0.514396532
365,0.499450603
366,0.499858711
367,0.50060858
368,0.515845994
369,0.500981992
370,0.50142095
371,0.501791687
372,0.515828801
373,0.501020717
374,0.50149821
375,0.501811205
376,0.516420945
377,0.50157023
378,0.503840067
379,0.505746712
380,0.516655498
381,0.502159077
382,0.505356557
383,0.50250155
384,0.517153702
385,0.502373972
386,0.503351562
387,0.504046024
388,0.518378058
389,0.503490712
390,0.504217646
391,0.504500213
392,0.518940155
393,0.504072225
394,0.504795293
395,0.505147934
396,0.846889304
397,0.954078544
398,0.953868098
399,0.955313561
400,17.48103308
401,0.630076858
402,0.507238117
403,0.507203711
404,0.521573919
405,0.507215154
406,0.507622241
407,0.507313553
408,0.521488003
409,0.50695522
410,0.507394639
411,0.509099716
412,0.522947515
413,0.508535174
414,0.509179941
415,0.510363599
416,0.523972575
417,0.509305214
418,0.51041615
419,0.51029714
420,0.524356067
421,0.510213018
422,0.511243029
423,0.511554922
424,0.526611487
425,0.511329736
426,0.512041352
427,0.51283161
428,0.526682674
429,0.512295694
430,0.515482815
431,0.514213661
432,0.52826864
433,0.513660872
434,0.514249771
435,0.514624235
436,0.52869845
437,0.514584067
438,0.514742904
439,0.515988161
440,0.530455637
441,0.516069749
442,0.516565297
443,0.517423727
444,0.531029838
445,0.517009736
446,0.516923941
447,0.517991204
448,0.532915663
449,0.518792983
450,0.708837054
451,0.645860378
452,0.53373723
453,0.519616595
454,0.520144636
455,0.520337048
456,0.53520025
457,0.521194225
458,0.523449104
459,0.521784275
460,0.535851698
461,0.522061351
462,0.522151145
463,0.523155737
464,0.5377923
465,0.523468481
466,0.523937197
467,0.524531435
468,0.53812349
469,0.524171811
470,0.524741832
471,0.525465612
472,0.539972484
473,0.525827091
474,0.526263865
475,0.526798047
476,0.541386206
477,0.526914943
478,0.528188795
479,0.528658093
480,0.542922577
481,0.528570333
482,0.52893626
483,0.529231178
484,0.543927226
485,0.529737938
486,0.529556808
487,0.532574441
488,0.544392125
489,0.529921403
490,0.530003651
491,0.530222635
492,0.544102304
493,0.529755372
494,0.530442119
495,0.53049439
496,0.882286293
497,0.998784007
498,0.999226672
499,0.999119896
500,21.29303695
501,0.661830045
502,0.534346386
503,0.531650024
504,0.545371539
505,0.531495435
506,0.531192289
507,0.531506767
508,0.54544997
509,0.530893662
510,0.531470527
511,0.531416963
512,0.54563667
513,0.531255862
514,0.531380283
515,0.531647028
516,0.545545955
517,0.531583856
518,0.53145629
519,0.531638262
520,0.546194799
521,0.531682096
522,0.532153527
523,0.532188314
524,0.545982649
525,0.531116343
526,0.531807899
527,0.532458036
528,0.546185832
529,0.531247576
530,0.534200855
531,0.535955416
532,0.545976658
533,0.53154968
534,0.53182375
535,0.53228423
536,0.546214517
537,0.531210113
538,0.532777534
539,0.53184949
540,0.546160803
541,0.531952268
542,0.531709719
543,0.531928191
544,0.546223125
545,0.531539701
546,0.53256365
547,0.531729357
548,0.546169591
549,0.532126495
550,0.727188165
551,0.663357648
552,0.546361932
553,0.532916102
554,0.532417658
555,0.5325793
556,0.546905734
557,0.533535809
558,0.532198594
559,0.53226903
560,0.546591617
561,0.533480124
562,0.532438747
563,0.53283273
564,0.546502683
565,0.532340938
566,0.53271948
567,0.532111175
568,0.547000324
569,0.532355558
570,0.532653833
571,0.533517182
572,0.546311473
573,0.531805023
574,0.532798943
575,0.5327866
576,0.546691478
577,0.532206379
578,0.532381477
579,0.532535074
580,0.546461634
581,0.53254854
582,0.53277626
583,0.532830896
584,0.546948194
585,0.534427712
586,0.532743958
587,0.532913646
588,0.547219298
589,0.533684495
590,0.532752163
591,0.533295574
592,0.547270417
593,0.532969734
594,0.89862222
595,0.533135906
596,0.884735978
597,1.001209507
598,1.001204207
599,1.001656441
600,17.42574602
601,0.66535467
602,0.532970976
603,0.533056943
604,0.547012168
605,0.532686146
606,0.532446101
607,0.533237822
608,0.547261981
609,0.532456682
610,0.533435624
611,0.532949624
612,0.547744042
613,0.532503372
614,0.533115195
615,0.533041202
616,0.547465164
617,0.532665496
618,0.533483127
619,0.533330111
620,0.547462107
621,0.53352103
622,0.533104014
623,0.533534556
624,0.547221953
625,0.532743306
626,0.533409894
627,0.53331931
628,0.547631355
629,0.53341753
630,0.533632996
631,0.533703843
632,0.547839528
633,0.533249906
634,0.533769761
635,0.533576347
636,0.548064802
637,0.533691479
638,0.534133614
639,0.534410288
640,0.548040094
641,0.533238513
642,0.533750563
643,0.533592808
644,0.547885907
645,0.53320034
646,0.533830663
647,0.533689259
648,0.548472093
649,0.533569727
650,0.729342786
651,0.664879121
652,0.548742756
653,0.533396723
654,0.533933401
655,0.534085425
656,0.548139931
657,0.53327114
658,0.53411898
659,0.533805073
660,0.548081239
661,0.533419568
662,0.534090174
663,0.533600617
664,0.552299882
665,0.53309976
666,0.533847966
667,0.534001353
668,0.551985915
669,0.533238157
670,0.534542559
671,0.533867984
672,0.548354526
673,0.533401513
674,0.534375005
675,0.534121514
676,0.548283018
677,0.533524881
678,0.534274811
679,0.534156913
680,0.548362902
681,0.533891731
682,0.534264951
683,0.534291744
684,0.548689313
685,0.534111295
686,0.535085858
687,0.534133308
688,0.549362775
689,0.53587291
690,0.534457434
691,0.535218625
692,0.548810206
693,0.533724518
694,0.534329796
695,0.534324598
696,0.886495322
697,1.003243449
698,1.004080938
699,1.003434749
700,17.18797582
701,0.66736723
702,0.5348797
703,0.534617132
704,0.550477811
705,0.534111285
706,0.534469658
707,0.535119433
708,0.548849733
709,0.53423772
710,0.534860092
711,0.538217972
712,0.548831247
713,0.534464267
714,0.534755651
715,0.537127956
716,0.549153911
717,0.534059014
718,0.535199766
719,0.534769812
720,0.549147783
721,0.534355511
722,0.53462971
723,0.535587793
724,0.549506827
725,0.534378996
726,0.535324434
727,0.535169674
728,0.54973091
729,0.53460298
730,0.53552406
731,0.535208529
732,0.549557946
733,0.534579514
734,0.534974327
735,0.53510035
736,0.549329484
737,0.534771905
738,0.535271862
739,0.536044074
740,0.549852265
741,0.534985769
742,0.535650564
743,0.535391964
744,0.549735689
745,0.535101452
746,0.535117143
747,0.535424357
748,0.549720901
749,0.534625312
750,0.730657999
751,0.666844883
752,0.550525417
753,0.534527163
754,0.535600427
755,0.536174878
756,0.549765217
757,0.534608849
758,0.535333891
759,0.535893414
760,0.550073853
761,0.535263786
762,0.535441319
763,0.894046067
764,0.549900628
765,0.535480976
766,0.535975492
767,0.899946752
768,0.549677306
769,0.539097566
770,0.53563323
771,0.535615977
772,0.551242091
773,0.535655704
774,0.536457724
775,0.535956877
776,0.550096176
777,0.535291621
778,0.535889115
779,0.535972056
780,0.549770467
781,0.535181227
782,0.535815543
783,0.536055025
784,0.55025356
785,0.535230061
786,0.536053894
787,0.536209485
788,0.550183084
789,0.535932058
790,0.536018074
791,0.53634696
792,0.550114562
793,0.535758312
794,0.538919633
795,0.536551506
796,0.888680154
797,1.004974564
798,1.006197908
799,1.00619877
800,19.15781127
801,0.667322681
802,0.5370345
803,0.536476221
804,0.550904648
805,0.536075597
806,0.536588468
807,0.536547668
808,0.550501971
809,0.535618804
810,0.536343604
811,0.537036955
812,0.55067743
813,0.535600317
814,0.536362951
815,0.536218111
816,0.551036905
817,0.53610837
818,0.539234622
819,0.536795718
820,0.550534353
821,0.535847215
822,0.536582285
823,0.537172246
824,0.551030172
825,0.536302875
826,0.537047104
827,0.53662029
828,0.550568459
829,0.53606719
830,0.536788475
831,0.536706064
832,0.55086849
833,0.536141063
834,0.537210651
835,0.53696259
836,0.551720526
837,0.536347162
838,0.537212774
839,0.537247331
840,0.553977198
841,0.536579409
842,0.537040812
843,0.536745391
844,0.551228455
845,0.536374935
846,0.536592105
847,0.537094546
848,0.551430626
849,0.536966038
850,0.733295297
851,0.668814254
852,0.551219287
853,0.536609728
854,0.537649689
855,0.53755718
856,0.551496783
857,0.536415273
858,0.537677863
859,0.537260226
860,0.55196066
861,0.536589139
862,0.53728821
863,0.53711168
864,0.551649038
865,0.536683872
866,0.537292478
867,0.537638358
868,0.551941944
869,0.537437288
870,0.542015377
871,0.538364501
872,0.552460657
873,0.537252251
874,0.538253806
875,0.538061254
876,0.552535692
877,0.537946763
878,0.53839511
879,0.538585077
880,0.55248834
881,0.537662894
882,0.538576179
883,0.538570489
884,0.552693246
885,0.537902197
886,0.538345273
887,0.53878892
888,0.552800414
889,0.538039543
890,0.538730989
891,0.539128837
892,0.553053011
893,0.538004695
894,0.540136155
895,0.538952306
896,0.891380065
897,1.00987503
898,1.010349888
899,1.010372422
900,18.08593147
901,0.672292327
902,0.539267637
903,0.539470238
904,0.553665978
905,0.538463683
906,0.538831164
907,0.866325358
908,0.553971598
909,0.538560811
910,0.539785899
911,0.539375705
912,0.553410704
913,0.538944943
914,0.539418048
915,0.539721534
916,0.553569091
917,0.542865551
918,0.539757073
919,0.539768394
920,0.554072082
921,0.539166892
922,0.539735552
923,0.540237652
924,0.554025712
925,0.539159849
926,0.540359608
927,0.540238033
928,0.553831296
929,0.539098991
930,0.539949586
931,0.540529336
932,0.554088283
933,0.539364815
934,0.540344058
935,0.540074777
936,0.5545263
937,0.539183104
938,0.539676678
939,0.539705783
940,0.554070849
941,0.540027877
942,0.539965135
943,0.539889859
944,0.554622346
945,0.539400454
946,0.540225808
947,0.540250196
948,0.554409194
949,0.539903306
950,0.736708775
951,0.672875063
952,0.554921043
953,0.540183396
954,0.540222372
955,0.540214227
956,0.554451906
957,0.539681837
958,0.540763248
959,0.540954718
960,0.55822553
961,0.54387865
962,0.54406498
963,0.544188268
964,0.558506022
965,0.543790079
966,0.544043006
967,0.544678746
968,0.558328229
969,0.543804175
970,0.544319732
971,0.544176695
972,0.562065652
973,0.5452399
974,0.543999383
975,0.544638518
976,0.558504329
977,0.544155965
978,0.544900875
979,0.544484942
980,0.558419906
981,0.544274915
982,0.544584283
983,0.544423633
984,0.558901787
985,0.544361513
986,0.544289082
987,0.545048852
988,0.559312641
989,0.544238435
990,0.544928509
991,0.544688444
992,0.559698448
993,0.543803514
994,0.545237806
995,0.544912288
996,0.898553121
997,1.016836268
998,1.01762988
999,1.017193349
1000,15.22622705
1001,0.680186783
1002,0.545176795
1003,0.544785157
1004,0.558797462
1005,0.544412608
1006,0.544965677
1007,0.545240397
1008,0.559253944
1009,0.544414941
1010,0.54495672
1011,0.545475542
1012,0.559415486
1013,0.545051502
1014,0.544872397
1015,0.545520329
1016,0.559223104
1017,0.545134243
1018,0.545039149
1019,0.545418572
1020,0.559372183
1021,0.54657701
1022,0.545236681
1023,0.545129043
1024,0.559593421
1025,0.547361457
1026,0.545627085
1027,0.545538894
1028,0.559615202
1029,0.544960406
1030,0.545208867
1031,0.545587048
1032,0.560153834
1033,0.545224396
1034,0.54570217
1035,0.545740814
1036,0.559301997
1037,0.545197365
1038,0.545278191
1039,0.54557294
1040,0.559531872
1041,0.545356813
1042,0.545492625
1043,0.545825379
1044,0.559613279
1045,0.545073154
1046,0.545543834
1047,0.545869203
1048,0.559677373
1049,0.54534004
1050,0.742385947
1051,0.678402044
1052,0.560551693
1053,0.546298423
1054,0.546319693
1055,0.545618118
1056,0.560092154
1057,0.545332205
1058,0.546006588
1059,0.545677172
1060,0.560041707
1061,0.545680579
1062,0.546129296
1063,0.545936964
1064,0.560240912
1065,0.545531059
1066,0.545876257
1067,0.545953707
1068,0.559687742
1069,0.545590574
1070,0.545591998
1071,0.54592476
1072,0.559842863
1073,0.545272319
1074,0.546407093
1075,0.545704295
1076,0.560659241
1077,0.545133972
1078,0.54615715
1079,0.54585165
1080,0.559835468
1081,0.545436006
1082,0.545817844
1083,0.545868702
1084,0.560000817
1085,0.54568657
1086,0.545832843
1087,0.54588857
1088,0.560291249
1089,0.546349361
1090,0.545854264
1091,0.546335734
1092,0.560211746
1093,0.545913769
1094,0.547149603
1095,0.546505529
1096,0.899629488
1097,1.01841826
1098,1.019309242
1099,1.018902867
1100,17.65790758
1101,0.680875176
1102,0.546662342
1103,0.546170011
1104,0.560681689
1105,0.54606621
1106,0.54622677
1107,0.546950509
1108,0.561160115
1109,0.546355539
1110,0.546750432
1111,0.54659943
1112,0.560776452
1113,0.546279732
1114,0.54697692
1115,0.546691278
1116,0.560989975
1117,0.546933957
1118,0.547248686
1119,0.546895573
1120,0.561097062
1121,0.546357473
1122,0.547018891
1123,0.547055712
1124,0.564440635
1125,0.546768307
1126,0.547155896
1127,0.547699698
1128,0.561278393
1129,0.546698692
1130,0.547323569
1131,0.547419415
1132,0.562177932
1133,0.547864135
1134,0.547687043
1135,0.547941434
1136,0.561426288
1137,0.54738571
1138,0.547384197
1139,0.547780894
1140,0.562279708
1141,0.548500225
1142,0.549199506
1143,0.548949843
1144,0.562651226
1145,0.548242767
1146,0.548221186
1147,0.548649502
1148,0.562898013
1149,0.548143124
1150,0.747470075
1151,0.682690095
1152,0.562459445
1153,0.548175918
1154,0.551866471
1155,0.548563847
1156,0.564698534
1157,0.548236675
1158,0.548736591
1159,0.548567043
1160,0.56299996
1161,0.547906837
1162,0.548832968
1163,0.548546273
1164,0.562729968
1165,0.548237366
1166,0.548791027
1167,0.548634182
1168,0.562553066
1169,0.54830688
1170,0.548635677
1171,0.548519262
1172,0.562906669
1173,0.547870086
1174,0.548332159
1175,0.548470397
1176,0.562645063
1177,0.547929921
1178,0.548490504
1179,0.548591409
1180,0.56342985
1181,0.548164725
1182,0.548401963
1183,0.548764775
1184,0.562604024
1185,0.550655559
1186,0.549173454
1187,0.548572313
1188,0.563347269
1189,0.548969811
1190,0.548972506
1191,0.548680863
1192,0.562993466
1193,0.549227309
1194,0.548541724
1195,0.548836674
1196,0.902084142
1197,1.021793386
1198,1.022672314
1199,1.02285086
1200,13.74561511
1201,0.686373826
1202,0.548583014
1203,0.549221898
1204,0.562778871
1205,0.548940715
1206,0.548727242
1207,0.548616608
1208,0.567892635
1209,0.549160039
1210,0.548879527
1211,0.548677266
1212,0.56313003
1213,0.549281403
1214,0.548786067
1215,0.548730208
1216,0.562359852
1217,0.549403809
1218,0.548807688
1219,0.548631417
1220,0.563078591
1221,0.548929053
1222,0.548559137
1223,0.548273706
1224,0.562761537
1225,0.549130662
1226,0.548954903
1227,0.548233659
1228,0.562714727
1229,0.548523909
1230,0.548723214
1231,0.548173241
1232,0.562623311
1233,0.549792501
1234,0.548288604
1235,0.548514841
1236,0.562210844
1237,0.548656315
1238,0.547926604
1239,0.548632659
1240,0.562651425
1241,0.548581791
1242,0.5484831
1243,0.548197939
1244,0.562948809
1245,0.548408366
1246,0.548127383
1247,0.548175526
1248,0.562102053
1249,0.913644977
1250,0.746317485
1251,0.682656852
1252,0.561574944
1253,0.547661042
1254,0.547987242
1255,0.5474693
1256,0.561234637
1257,0.547452458
1258,0.5470186
1259,0.549396245
1260,0.56135011
1261,0.547233435
1262,0.547481955
1263,0.547501763
1264,0.561860246
1265,0.547288952
1266,0.547671544
1267,0.900097479
1268,0.561347415
1269,0.547179923
1270,0.547543535
1271,0.547663227
1272,0.561814277
1273,0.547473671
1274,0.547623139
1275,0.548413026
1276,0.562009724
1277,0.547760035
1278,0.54889623
1279,0.548503631
1280,0.562629111
1281,0.547939541
1282,0.548551434
1283,0.548747413
1284,0.562696642
1285,0.553487393
1286,0.54889625
1287,0.549091128
1288,0.563030668
1289,0.54911342
1290,0.548446211
1291,0.548702916
1292,0.562776637
1293,0.549229585
1294,0.548619315
1295,0.549130373
1296,0.901300013
1297,1.020832802
1298,1.022002603
1299,1.021701131
1300,15.7952207
1301,0.683008006
1302,0.549290983
1303,0.549959936
1304,0.564060819
1305,0.549017094
1306,0.548917091
1307,0.549126224
1308,0.563206838
1309,0.549086629
1310,0.549147296
1311,0.549247459
1312,0.567023544
1313,0.548584778
1314,0.549291324
1315,0.549056079
1316,0.563793672
1317,0.549143799
1318,0.54928946
1319,0.549763306
1320,0.563052028
1321,0.548979541
1322,0.549861135
1323,0.549191681
1324,0.563298375
1325,0.549396807
1326,0.549462715
1327,0.548975503
1328,0.563356568
1329,0.549201781
1330,0.549193344
1331,0.549704783
1332,0.564129813
1333,0.54903591
1334,0.549668283
1335,0.549339267
1336,0.566769353
1337,0.549310771
1338,0.549337994
1339,0.550144442
1340,0.567360165
1341,0.550376371
1342,0.548888255
1343,0.5498787
1344,0.564063544
1345,0.549208594
1346,0.549250225
1347,0.549653639
1348,0.563904785
1349,0.550194534
1350,0.747257188
1351,0.684148967
1352,0.563378165
1353,0.549374758
1354,0.549189571
1355,0.549601527
1356,0.563704096
1357,0.549441287
1358,0.549327888
1359,0.548982671
1360,0.564478743
1361,0.549178069
1362,0.550217969
1363,0.549971943
1364,0.564784654
1365,0.549460536
1366,0.550210905
1367,0.549997002
1368,0.564117925
1369,0.550906589
1370,0.550071485
1371,0.551720032
1372,0.564500175
1373,0.550241012
1374,0.550250452
1375,0.550243147
1376,0.563699878
1377,0.550362017
1378,0.549971913
1379,0.549198147
1380,0.563597769
1381,0.549456016
1382,0.549074909
1383,0.549546831
1384,0.564243959
1385,0.549081963
1386,0.5490287
1387,0.54905423
1388,0.563075891
1389,0.548698852
1390,0.553972266
1391,0.548974255
1392,0.562513274
1393,0.548787333
1394,0.548481051
1395,0.548707258
1396,0.90003347
1397,1.019504619
1398,1.019904191
1399,1.019962664
1400,15.67308432
1401,0.682854044
1402,0.548894721
1403,0.548599211
1404,0.562869502
1405,0.5483565
1406,0.548631512
1407,0.548504607
1408,0.562413531
1409,0.548760372
1410,0.548849894
1411,0.88845547
1412,0.562876545
1413,0.549120807
1414,0.551673733
1415,0.548565816
1416,0.562766052
1417,0.548375899
1418,0.548474789
1419,0.548970267
1420,0.563286788
1421,0.550313784
1422,0.912201168
1423,0.549575437
1424,0.563449864
1425,0.548806621
1426,0.548797223
1427,0.548885253
1428,0.563063923
1429,0.549591583
1430,0.548812267
1431,0.548944061
1432,0.562800433
1433,0.548552816
1434,0.548918301
1435,0.548395642
1436,0.56263324
1437,0.548578235
1438,0.548629333
1439,0.548724377
1440,0.564269473
1441,0.548682536
1442,0.548608704
1443,0.549354725
1444,0.563246204
1445,0.54861199
1446,0.548817467
1447,0.549080415
1448,0.566825112
1449,0.549201549
1450,0.746820788
1451,0.683061905
1452,0.563421353
1453,0.549337772
1454,0.548676284
1455,0.549308496
1456,0.56320191
1457,0.549448286
1458,0.550077232
1459,0.549689332
1460,0.563673872
1461,0.550657574
1462,0.550420586
1463,0.549738687
1464,0.565030864
1465,0.550846308
1466,0.551094808
1467,0.550123151
1468,0.56465598
1469,0.550800249
1470,0.550324029
1471,0.551243196
1472,0.564582558
1473,0.551182609
1474,0.550403783
1475,0.550797303
1476,0.564935761
1477,0.5520526
1478,0.55120399
1479,0.550845857
1480,0.565220941
1481,0.552112275
1482,0.5513751
1483,0.551099939
1484,0.565657796
1485,0.552010508
1486,0.551349401
1487,0.551773831
1488,0.566162631
1489,0.552930427
1490,0.552003916
1491,0.552183573
1492,0.565819318
1493,0.913613797
1494,0.551672265
1495,0.551808218
1496,0.914357144
1497,1.03243231
1498,1.033629474
1499,1.033512106
1500,15.71984725
1501,0.68760209
1502,0.551875969
1503,0.552433296
1504,0.566595909
1505,0.553681989
1506,0.552831866
1507,0.552685493
1508,0.566710461
1509,0.553410064
1510,0.55186659
1511,0.552123346
1512,0.563199515
1513,0.553146027
1514,0.552928717
1515,0.553320816
1516,0.567140557
1517,0.559912466
1518,0.552523204
1519,0.552584242
1520,0.569785559
1521,0.554296963
1522,0.55255778
1523,0.548856387
1524,0.56700271
1525,0.553767399
1526,0.549130086
1527,0.552796182
1528,0.567255679
1529,0.554839692
1530,0.549228656
1531,0.554178533
1532,0.567874886
1533,0.551250133
1534,0.552915212
1535,0.553351706
1536,0.5675714
1537,0.551604618
1538,0.554213041
1539,0.554452062
1540,0.564561963
1541,0.556178068
1542,0.554738886
1543,0.555033596
1544,0.570360541
1545,0.552798366
1546,0.555018908
1547,0.555117168
1548,0.565309568
1549,0.556627227
1550,0.764042876
1551,0.689444459
1552,0.569678462
1553,0.552990608
1554,0.55522161
1555,0.555745402
1556,0.566492444
1557,0.557568756
1558,0.555790629
1559,0.552067694
1560,0.570771304
1561,0.55758132
1562,0.555793184
1563,0.556968025
1564,0.570825369
1565,0.55863667
1566,0.556172156
1567,0.558307905
1568,0.570704536
1569,0.559149962
1570,0.556699757
1571,0.557216094
1572,0.571586731
1573,0.559873521
1574,0.557886751
1575,0.557001229
1576,0.571673559
1577,0.560076935
1578,0.559354538
1579,0.557906268
1580,0.572155991
1581,0.560391703
1582,0.557526815
1583,0.55821219
1584,0.572636139
1585,0.560019944
1586,0.55865238
1587,0.558329266
1588,0.572434649
1589,0.560694979
1590,0.558271104
1591,0.558364053
1592,0.572657269
1593,0.561019787
1594,0.558958663
1595,0.559497615
1596,0.929033434
1597,1.054233926
1598,1.057958956
1599,1.055584988
1600,14.82569843
1601,0.701762156
1602,0.559290332
1603,0.559128589
1604,0.57363027
1605,0.561117193
1606,0.559970357
1607,0.559692079
1608,0.573449119
1609,0.561433275
1610,0.559017996
1611,0.559715143
1612,0.573693651
1613,0.561708707
1614,0.559797453
1615,0.55970829
1616,0.573953594
1617,0.562371738
1618,0.559741954
1619,0.560393415
1620,0.57413778
1621,0.562222931
1622,0.563938978
1623,0.560093835
1624,0.574444472
1625,0.565940537
1626,0.560120758
1627,0.560524368
1628,0.57463929
1629,0.562380174
1630,0.563556008
1631,0.560998174
1632,0.574467316
1633,0.563183007
1634,0.560291738
1635,0.561293955
1636,0.574702722
1637,0.562226659
1638,0.560203298
1639,0.560643738
1640,0.574966752
1641,0.562559992
1642,0.560453701
1643,0.560621797
1644,0.57487764
1645,0.562793523
1646,0.56068566
1647,0.560937907
1648,0.574835919
1649,0.563458499
1650,0.773125229
1651,0.706630205
1652,0.578821824
1653,0.563323247
1654,0.560909231
1655,0.561595307
1656,0.574940081
1657,0.563274463
1658,0.561184363
1659,0.561474765
1660,0.575095842
1661,0.563815319
1662,0.561442572
1663,0.561209041
1664,0.5751207
1665,0.563413612
1666,0.561901399
1667,0.560876598
1668,0.575536204
1669,0.563106027
1670,0.561311278
1671,0.561206616
1672,0.574712942
1673,0.562914097
1674,0.56094949
1675,0.561759055
1676,0.574927597
1677,0.563111769
1678,0.5642093
1679,0.56084687
1680,0.574961863
1681,0.562616271
1682,0.56040682
1683,0.561228919
1684,0.574428733
1685,0.562559301
1686,0.560103835
1687,0.560559315
1688,0.574600935
1689,0.562965786
1690,0.560824648
1691,0.560559315
1692,0.575442733
1693,0.564144494
1694,0.560655561
1695,0.560837202
1696,0.934167716
1697,1.066329963
1698,1.067676767
1699,1.06779247
1700,15.38011385
1701,0.713490163
1702,0.56171001
1703,0.562072381
1704,0.576805537
1705,0.564143995
1706,0.561910929
1707,0.562081189
1708,0.576555504
1709,0.564923202
1710,0.561875151
1711,0.561950145
1712,0.576829264
1713,0.564585949
1714,0.562436365
1715,0.56236646
1716,0.576709362
1717,0.566223785
1718,0.562681118
1719,0.562733679
1720,0.576714552
1721,0.564823018
1722,0.562271917
1723,0.562434781
1724,0.576642633
1725,0.565173115
1726,0.562990947
1727,0.562710335
1728,0.576780439
1729,0.569386378
1730,0.562701027
1731,0.563027077
1732,0.577235639
1733,0.566000092
1734,0.56257337
1735,0.563072534
1736,0.576855895
1737,0.566323287
1738,0.563049851
1739,0.563346073
1740,0.577184621
1741,0.565854221
1742,0.563574755
1743,0.563681361
1744,0.578381604
1745,0.566568612
1746,0.564139908
1747,0.564392205
1748,0.578613242
1749,0.566465302
1750,0.778860953
1751,0.71475065
1752,0.578837425
1753,0.567124956
1754,0.565238772
1755,0.571398807
1756,0.578460266
1757,0.567165115
1758,0.564469064
1759,0.564708626
1760,0.579847488
1761,0.567504931
1762,0.564747682
1763,0.564970423
1764,0.579019136
1765,0.567208348
1766,0.564481949
1767,0.564543297
1768,0.579489956
1769,0.567715538
1770,0.564959521
1771,0.565027723
1772,0.57908268
1773,0.56795965
1774,0.564986905
1775,0.564660454
1776,0.57897444
1777,0.56410013
1778,0.564668129
1779,0.565202121
1780,0.579146784
1781,0.567569135
1782,0.565197351
1783,0.565401636
1784,0.579517559
1785,0.567904624
1786,0.565231568
1787,0.565306171
1788,0.5793627
1789,0.568476569
1790,0.566010634
1791,0.565225636
1792,0.579505056
1793,0.568524372
1794,0.561532287
1795,0.56584305
1796,0.941071704
1797,1.074233108
1798,1.074558248
1799,1.072259975
1800,15.70388645
1801,0.71596802
1802,0.565428031
1803,0.565569133
1804,0.580332168
1805,0.565384757
1806,0.562339942
1807,0.566401884
1808,0.580337078
1809,0.569447359
1810,0.562687344
1811,0.562857533
1812,0.580626067
1813,0.565584823
1814,0.566359952
1815,0.563215834
1816,0.580941366
1817,0.56926098
1818,0.566822385
1819,0.563013003
1820,0.58093841
1821,0.56929263
1822,0.566391743
1823,0.897123766
1824,0.577946938
1825,0.570322562
1826,0.567230785
1827,0.566957196
1828,0.581280531
1829,0.569571239
1830,0.567039235
1831,0.566928301
1832,0.580732663
1833,0.569662545
1834,0.567672739
1835,0.567138156
1836,0.58116605
1837,0.569837013
1838,0.563491789
1839,0.567544913
1840,0.58140374
1841,0.570361366
1842,0.566969991
1843,0.567299919
1844,0.581407807
1845,0.570460277
1846,0.566765757
1847,0.56756423
1848,0.582025972
1849,0.570197288
1850,0.784046756
1851,0.719038255
1852,0.581716324
1853,0.570022381
1854,0.567435882
1855,0.56796825
1856,0.581949955
1857,0.573655724
1858,0.567278608
1859,0.567385805
1860,0.581850183
1861,0.8791635
1862,0.568129933
1863,0.567873057
1864,0.582307436
1865,0.570891171
1866,0.567801017
1867,0.567748295
1868,0.582219757
1869,0.57062721
1870,0.567826046
1871,0.567918284
1872,0.582306043
1873,0.5714962
1874,0.567760199
1875,0.568634819
1876,0.582692972
1877,0.570823281
1878,0.567965768
1879,0.568253374
1880,0.582233225
1881,0.571007707
1882,0.571471344
1883,0.568810702
1884,0.583772871
1885,0.571641303
1886,0.569260902
1887,0.568691131
1888,0.582831342
1889,0.572027308
1890,0.568571559
1891,0.568850338
1892,0.584208403
1893,0.572613371
1894,0.568917788
1895,0.569034735
1896,0.945533688
1897,1.079930796
1898,1.081017617
1899,1.082456669
1900,16.04602094
1901,0.721946018
1902,0.568915985
1903,0.569053161
1904,0.583272735
1905,0.575366623
1906,0.568986481
1907,0.569578285
1908,0.585629289
1909,0.571483597
1910,0.568869005
1911,0.569393498
1912,0.583912691
1913,0.572322809
1914,0.569324685
1915,0.569794874
1916,0.583898233
1917,0.571574073
1918,0.570136674
1919,0.569800616
1920,0.583579868
1921,0.572195143
1922,0.569991373
1923,0.570352663
1924,0.583795535
1925,0.571967503
1926,0.569738354
1927,0.570112878
1928,0.583442322
1929,0.572411
1930,0.569457983
1931,0.569919475
1932,0.584505577
1933,0.571955881
1934,0.570122527
1935,0.569656607
1936,0.584830836
1937,0.572946465
1938,0.569771498
1939,0.5702687
1940,0.584708329
1941,0.572361866
1942,0.569778182
1943,0.569944464
1944,0.585187686
1945,0.572558686
1946,0.57046518
1947,0.570292856
1948,0.585618309
1949,0.573257807
1950,0.789877369
1951,0.726183389
1952,0.587131402
1953,0.576319716
1954,0.574474017
1955,0.576090602
1956,0.595333656
1957,0.577119271
1958,0.57893996
1959,0.579543091
1960,0.595422143
1961,0.584052107
1962,0.581994109
1963,0.582901142
1964,0.598181788
1965,0.588063701
1966,0.585902172
1967,0.586383713
1968,0.601398415
1969,0.591043891
1970,0.587978085
1971,0.588711002
1972,0.603764078
1973,0.592936279
1974,0.59048474
1975,0.590890825
1976,0.605765566
1977,0.594986832
1978,0.591808268
1979,0.592323925
1980,0.607501652
1981,0.596899729
1982,0.594521773
1983,0.594039822
1984,0.608220391
1985,0.597568002
1986,0.595680423
1987,0.594760785
1988,0.609603163
1989,0.598712894
1990,0.595807228
1991,0.595821886
1992,0.609850491
1993,0.599964423
1994,0.59642885
1995,0.596583087
1996,0.986034611
1997,1.13252788
1998,1.133884842
1999,1.134775654
2000,15.1028417
2001,0.763712864
2002,0.596789106
2003,0.596925028
2004,0.611480412
2005,0.600934368
2006,0.597965139
2007,0.598098176
2008,0.612175195
2009,0.601489681
2010,0.598083437
2011,0.598240391
2012,0.61301615
2013,0.602155829
2014,0.598916538
2015,0.59928002
2016,0.613361869
2017,0.602485887
2018,0.598956655
2019,0.59927994
2020,0.613429058
2021,0.602837325
2022,0.600106347
2023,0.599677339
2024,0.613809835
2025,0.602648611
2026,0.599785296
2027,0.600264203
2028,0.614369366
2029,0.603241758
2030,0.599393149
2031,0.600554864
2032,0.613635257
2033,0.603634747
2034,0.599747564
2035,0.599732435
2036,0.614384735
2037,0.604024039
2038,0.600222331
2039,0.600509715
2040,0.615106558
2041,0.603891862
2042,0.600487371
2043,0.600243961
2044,0.61423792
2045,0.604541306
2046,0.60050246
2047,0.596748705
2048,0.615615161
2049,0.604426004
2050,0.830800846
2051,0.766582391
2052,0.612304422
2053,0.606431731
2054,0.60081276
2055,0.601349949
2056,0.61611129
2057,0.605307759
2058,0.601657313
2059,0.602259126
2060,0.616270508
2061,0.605558393
2062,0.601644548
2063,0.601802493
2064,0.616228197
2065,0.60560325
2066,0.602324162
2067,0.602180985
2068,0.616336164
2069,0.605776003
2070,0.602330774
2071,0.602129655
2072,0.61687154
2073,0.605829737
2074,0.60187842
2075,0.602374569
2076,0.616447561
2077,0.60608992
2078,0.602697303
2079,0.602618871
2080,0.61732203
2081,0.60670019
2082,0.602720066
2083,0.602999617
2084,0.617889367
2085,0.606785696
2086,0.602486215
2087,0.602681242
2088,0.617196057
2089,0.606665042
2090,0.602484993
2091,0.602708124
2092,0.61703189
2093,0.606641457
2094,0.602694316
2095,0.602999167
2096,0.994561684
2097,1.14141429
2098,1.144007854
2099,1.143352717
2100,14.66517765
2101,0.769386881
2102,0.603416814
2103,0.602574366
2104,0.617520734
2105,0.606719948
2106,0.602733713
2107,0.603143065
2108,0.617085102
2109,0.60719184
2110,0.602981131
2111,0.60317195
2112,0.617912152
2113,0.60712477
2114,0.603074572
2115,0.603703517
2116,0.617771769
2117,0.607226768
2118,0.60315666
2119,0.603206168
2120,0.617622803
2121,0.607141965
2122,0.603164346
2123,0.603050496
2124,0.61762109
2125,0.607495228
2126,0.60335258
2127,0.603624676
2128,0.61792138
2129,0.607197131
2130,0.603321201
2131,0.603236346
2132,0.618369597
2133,0.607800429
2134,0.60443874
2135,0.603391636
2136,0.618070048
2137,0.608530409
2138,0.603344335
2139,0.603519854
2140,0.617661478
2141,0.607644968
2142,0.604109534
2143,0.603863578
2144,0.618015372
2145,0.607663554
2146,0.603612583
2147,0.604245677
2148,0.618230618
2149,0.60833496
2150,0.835306094
2151,0.770752989
2152,0.618755624
2153,0.608384748
2154,0.604201902
2155,0.604201351
2156,0.618501482
2157,0.608657815
2158,0.604385617
2159,0.604649788
2160,0.618787655
2161,0.60822557
2162,0.604273861
2163,0.604165632
2164,0.618457828
2165,0.609782078
2166,0.604569373
2167,0.604884101
2168,0.619178792
2169,0.609500173
2170,0.605393826
2171,0.604698903
2172,0.619733845
2173,0.609217507
2174,0.605280988
2175,0.605238125
2176,0.618798707
2177,0.609114558
2178,0.605157749
2179,0.605148231
2180,0.619733553
2181,0.609104008
2182,0.604530207
2183,0.605354751
2184,0.619266951
2185,0.609985041
2186,0.604933295
2187,0.605503679
2188,0.619536833
2189,0.609470837
2190,0.605142189
2191,0.605394418
2192,0.619673477
2193,0.610454989
2194,0.604888218
2195,0.604965769
2196,0.998428464
2197,1.145947152
2198,1.146867351
2199,1.147599165
2200,15.22070835
2201,0.771641612
2202,0.605802202
2203,0.605672432
2204,0.619679658
2205,0.609907909
2206,0.605211851
2207,0.605303248
2208,0.620052669
2209,0.610128635
2210,0.605731556
2211,0.605821741
2212,0.619779792
2213,0.610969541
2214,0.605432719
2215,0.605457256
2216,0.620080633
2217,0.610619846
2218,0.606027358
2219,0.606491566
2220,0.6199184
2221,0.610639784
2222,0.605550416
2223,0.606543385
2224,0.620079952
2225,0.610623132
2226,0.605835647
2227,0.605851648
2228,0.620748574
2229,0.610567605
2230,0.606121039
2231,0.606234899
2232,0.620616479
2233,0.611443919
2234,0.605885534
2235,0.606357886
2236,0.622211302
2237,0.611747837
2238,0.606675912
2239,0.607375945
2240,0.621344516
2241,0.611204275
2242,0.606247193
2243,0.60667499
2244,0.622822624
2245,0.611041891
2246,0.606310065
2247,0.60614201
2248,0.623772029
2249,0.610630606
2250,0.83860784
2251,0.773658541
2252,0.973601994
2253,0.610810715
2254,0.605889101
2255,0.606293432
2256,0.620731712
2257,0.611052963
2258,0.605796211
2259,0.6065613
2260,0.620814873
2261,0.611088622
2262,0.606041416
2263,0.606169653
2264,0.620558127
2265,0.611008676
2266,0.606149375
2267,0.60624101
2268,0.620124638
2269,0.611906534
2270,0.605941982
2271,0.606093396
2272,0.623771267
2273,0.6112015
2274,0.606001297
2275,0.606983487
2276,0.620883495
2277,0.611310209
2278,0.606145016
2279,0.606678346
2280,0.620774444
2281,0.611267337
2282,0.607046588
2283,0.60649872
2284,0.62052885
2285,0.61165172
2286,0.605981319
2287,0.607024416
2288,0.620268607
2289,0.612404796
2290,0.606322008
2291,0.606897439
2292,0.620725751
2293,0.611508453
2294,0.606651265
2295,0.606398004
2296,1.00117861
2297,1.148240413
2298,1.149050829
2299,1.150780945
2300,14.45630964
2301,1.133186514
2302,0.606426937
2303,0.606689194
2304,0.621418035
2305,0.611543117
2306,0.606752687
2307,0.607099006
2308,0.6210995
2309,0.612023636
2310,0.606705215
2311,0.607519789
2312,0.621443795
2313,0.612825436
2314,0.607512346
2315,0.607291278
2316,0.621614936
2317,0.612685805
2318,0.60739592
2319,0.607599103
2320,0.62180802
2321,0.613555948
2322,0.607148441
2323,0.607583663
2324,0.622080436
2325,0.612621983
2326,0.607291779
2327,0.607360271
2328,0.621526185
2329,0.612437226
2330,0.608602663
2331,0.607765775
2332,0.622487974
2333,0.613072192
2334,0.607169853
2335,0.607527124
2336,0.621814242
2337,0.612844042
2338,0.607444013
2339,0.607357767
2340,0.621541865
2341,0.613131977
2342,0.607066693
2343,0.608095783
2344,0.621672277
2345,0.613065058
2346,0.60698173
2347,0.607359229
2348,0.621828248
2349,0.615800336
2350,0.840250016
2351,0.775734645
2352,0.621710972
2353,0.613480562
2354,0.606944548
2355,0.607184632
2356,0.621526855
2357,0.612789096
2358,0.60704377
2359,0.607423563
2360,0.622301033
2361,0.613581957
2362,0.607692934
2363,0.607712092
2364,0.621907191
2365,0.61436955
2366,0.608132704
2367,0.607647256
2368,0.62236175
2369,0.614536993
2370,0.607881599
2371,0.607683376
2372,0.621599777
2373,0.614016478
2374,0.60783552
2375,0.607955642
2376,0.622504326
2377,0.613387692
2378,0.607871469
2379,0.607930125
2380,0.622281521
2381,0.613669661
2382,0.607173172
2383,0.607585299
2384,0.622152941
2385,0.61373094
2386,0.608110514
2387,0.60815999
2388,0.622656826
2389,0.614487172
2390,0.608578349
2391,0.608560524
2392,0.622047819
2393,0.614069284
2394,0.608456624
2395,0.608726595
2396,1.003258794
2397,1.150824018
2398,1.152147918
2399,1.153122481
2400,14.20780024
2401,0.775251613
2402,0.608112839
2403,0.60869259
2404,0.622560119
2405,0.613954562
2406,0.608211529
2407,0.608286865
2408,0.622392385
2409,0.61392725
2410,0.608886143
2411,0.609567912
2412,0.623528772
2413,0.61638461
2414,0.608466042
2415,0.608484748
2416,0.622781106
2417,0.613833168
2418,0.608767445
2419,0.608762084
2420,0.623341039
2421,0.613874116
2422,0.609231371
2423,0.608504145
2424,0.623427666
2425,0.614085435
2426,0.608352171
2427,0.609078756
2428,0.624030702
2429,0.614024708
2430,0.60796399
2431,0.609068276
2432,0.62239487
2433,0.615431377
2434,0.6084701
2435,0.609108823
2436,0.62291212
2437,0.928190136
2438,0.608491471
2439,0.608287637
2440,0.623402287
2441,0.614329017
2442,0.608466502
2443,0.60955676
2444,0.62284992
2445,0.614570503
2446,0.608165941
2447,0.608375096
2448,0.622328742
2449,0.614302535
2450,0.839095461
2451,0.774384938
2452,0.62301028
2453,0.614625579
2454,0.60797407
2455,0.60798943
2456,0.622650113
2457,0.614578896
2458,0.608229562
2459,0.611342711
2460,0.623568585
2461,0.615890151
2462,0.607842925
2463,0.608469997
2464,0.62635472
2465,0.614138575
2466,0.608331339
2467,0.608272746
2468,0.622487094
2469,0.614212738
2470,0.607807757
2471,0.609380206
2472,0.622620852
2473,0.614692867
2474,0.607991292
2475,0.608922712
2476,0.62288869
2477,0.613947776
2478,0.60790241
2479,0.608534111
2480,0.622479008
2481,0.61414648
2482,0.607998035
2483,0.608217379
2484,0.622822142
2485,0.614313764
2486,0.607999638
2487,0.608227979
2488,0.622390477
2489,0.61523251
2490,0.607712282
2491,0.607953068
2492,0.622809587
2493,0.61388239
2494,0.607988046
2495,0.608750209
2496,0.997523897
2497,1.140219413
2498,1.142091132
2499,1.143302153
2500,15.58623473
