0.0281797680,0.0022897020,0.0022722970,0.0018530590,0.0018596900,0.0266787670,0.0021242410,0.0021116460,0.0021231200,0.0016602750,0.0016509980,0.0262877920,0.0013889320,0.0013768290,0.0013563070,0.0012515940,0.0012627670,0.0012724170,0.0004856950,0.0004814400,0.0004788180,0.0004106100,0.0004198030,0.0004365810,0.0004836440,0.0004771220,0.0004792570,0.0004178570,0.0004113830,0.0295518880,0.0004181040,0.0004161520,0.0004498820,0.0003813660,0.0003770860,0.0003672670,0.0004176970,0.0004119270,0.0004215730,0.0003673280,0.0003615660,0.0003622500,0.0004338890,0.0004147920,0.0004113740,0.0003673610,0.0003586930,0.0003589120
3,3,3,3,3,0,3,3,3,3,3,1,0,0,0,0,0,1,0,0,0,0,0,1,1,1,1,1,1,2,1,1,2,2,2,2,1,1,2,2,2,2,2,2,2,2,2,2
0.0721778689,0.0642983761,0.0635024173,0.0504449853,0.0497931158,0.0593996601,0.0676153956,0.0679033121,0.0684011567,0.0522850953,0.0522885033,0.0606228933,0.0273843730,0.0273880367,0.0273271147,0.0221269725,0.0221015051,0.0223396744,0.0064523752,0.0064294078,0.0064689980,0.0054598760,0.0054631750,0.0056574219,0.0065746793,0.0065249314,0.0065194756,0.0055046022,0.0054576500,0.0135989867,0.0054674057,0.0054680566,0.0057316802,0.0050393849,0.0049437707,0.0048691454,0.0055040433,0.0054257924,0.0054822317,0.0048768357,0.0048161660,0.0047801473,0.0054172239,0.0054888892,0.0054507877,0.0048039404,0.0047985696,0.0048352026
3,3,3,3,3,0,3,3,3,3,3,1,0,0,0,0,0,1,0,0,0,0,0,1,1,1,1,1,1,2,1,1,2,2,2,2,1,1,2,2,2,2,2,2,2,2,2,2
0.0690298767,0.0679188134,0.0686486994,0.0532735141,0.0519557934,0.0508791221,0.0681061541,0.0680069461,0.0694517846,0.0525925666,0.0530071914,0.0525064859,0.0276413078,0.0275960486,0.0275434940,0.0221992580,0.0223954321,0.0224674915,0.0062389593,0.0062644612,0.0062877593,0.0052963589,0.0052909794,0.0052919188,0.0062934590,0.0062338519,0.0061999189,0.0052295803,0.0052862829,0.0053448538,0.0052940458,0.0052230996,0.0053201244,0.0046505530,0.0046573719,0.0046572620,0.0052796145,0.0052579979,0.0052288944,0.0047129003,0.0046845895,0.0046335661,0.0053046540,0.0052448659,0.0053150249,0.0046452085,0.0047295620,0.0046087829
2,3,0,2,3,2,3,0,1,0,1,1,3,1,2,0,1,0,0,2,3,1,2,1,2,2,2,0,0,3,3,0,3,0,3,1,3,2,1,2,3,0,1,2,3,2,1,0
0.0658678415,0.0675495866,0.0705406013,0.0544270161,0.0534865808,0.0516068392,0.0680103374,0.0687136882,0.0696407895,0.0526858220,0.0535808447,0.0531407709,0.0275954961,0.0276076086,0.0275768679,0.0221712630,0.0222681937,0.0224283705,0.0062438401,0.0062708250,0.0062885988,0.0053017830,0.0052909630,0.0052932968,0.0063041092,0.0062541648,0.0062135598,0.0052410795,0.0052883750,0.0053489227,0.0052984949,0.0052244231,0.0053331497,0.0046542696,0.0046568376,0.0046517976,0.0052835376,0.0052608867,0.0052216303,0.0047191401,0.0046812029,0.0046322699,0.0053049769,0.0052581078,0.0052976665,0.0046433692,0.0047295720,0.0046046775
2,3,0,2,3,2,3,0,1,0,1,1,3,1,2,0,1,0,0,2,3,1,2,1,2,2,2,0,0,3,3,0,3,0,3,1,3,2,1,2,3,0,1,2,3,2,1,0
0.0659301137,0.0682968041,0.0697841889,0.0548702112,0.0549866078,0.0522653239,0.0679386178,0.0687743162,0.0695622603,0.0529280749,0.0531304802,0.0533821879,0.0274403961,0.0274552376,0.0277635374,0.0223200753,0.0223855844,0.0223785909,0.0062523568,0.0062712144,0.0062864673,0.0053015477,0.0052956535,0.0053052251,0.0062901401,0.0062267338,0.0062103382,0.0052461856,0.0052812644,0.0053502147,0.0052974464,0.0052194079,0.0053278621,0.0046798863,0.0046589684,0.0046487675,0.0052828319,0.0052647770,0.0052173235,0.0047105411,0.0046780100,0.0046451352,0.0052988251,0.0052356561,0.0053093937,0.0046394469,0.0047153853,0.0046108677
2,3,0,2,3,2,3,0,1,0,1,1,3,1,2,0,1,0,0,2,3,1,2,1,2,2,2,0,0,3,3,0,3,0,3,1,3,2,1,2,3,0,1,2,3,2,1,0
0.0659545258,0.0677672287,0.0667428419,0.0539006268,0.0563774586,0.0536208287,0.0679865395,0.0681435703,0.0701538613,0.0529782726,0.0531616946,0.0530966908,0.0276813923,0.0275420960,0.0276169703,0.0222323584,0.0223445298,0.0224003669,0.0062437641,0.0062675416,0.0062925460,0.0052943595,0.0052923805,0.0052955940,0.0062833863,0.0062453202,0.0061992654,0.0052295299,0.0052906770,0.0053491400,0.0052943963,0.0052118484,0.0053229866,0.0046438897,0.0046544677,0.0046579391,0.0052807338,0.0052597045,0.0052208073,0.0047106704,0.0046788875,0.0046330273,0.0053164694,0.0052497898,0.0053134763,0.0046365130,0.0047186242,0.0046139590
2,3,0,2,3,2,3,0,1,0,1,1,3,1,2,0,1,0,0,2,3,1,2,1,2,2,2,0,0,3,3,0,3,0,3,1,3,2,1,2,3,0,1,2,3,2,1,0
0.0667088579,0.0648899533,0.0644333694,0.0514642518,0.0574072707,0.0544791121,0.0684294788,0.0686656659,0.0694537738,0.0533324547,0.0536076218,0.0534951943,0.0277017592,0.0275374989,0.0276005198,0.0222947433,0.0223944595,0.0224196597,0.0062439205,0.0062621785,0.0062886702,0.0053026661,0.0052738019,0.0052985767,0.0062902788,0.0062247085,0.0061948487,0.0052348279,0.0052867920,0.0053457930,0.0052960496,0.0052242662,0.0053181512,0.0046417159,0.0046515218,0.0046544341,0.0052860614,0.0052705240,0.0052254446,0.0047103834,0.0046831808,0.0046393714,0.0052918030,0.0052357879,0.0052970140,0.0046441596,0.0047126316,0.0046063747
2,3,0,2,3,2,3,0,1,0,1,1,3,1,2,0,1,0,0,2,3,1,2,1,2,2,2,0,0,3,3,0,3,0,3,1,3,2,1,2,3,0,1,2,3,2,1,0
0.0669940577,0.0637464858,0.0645929312,0.0506239611,0.0585435810,0.0552610980,0.0684819161,0.0689788191,0.0687260540,0.0528236559,0.0530772430,0.0530297473,0.0275151090,0.0275404263,0.0276862130,0.0222660480,0.0224087953,0.0224018081,0.0062525287,0.0062631990,0.0062856793,0.0052862006,0.0052868140,0.0052981212,0.0062915720,0.0062447418,0.0062002863,0.0052430719,0.0052822495,0.0053465640,0.0052933089,0.0052196185,0.0053197513,0.0046571381,0.0046536788,0.0046550329,0.0052862251,0.0052741694,0.0052249408,0.0047124247,0.0046897103,0.0046336816,0.0053071189,0.0052572850,0.0053190000,0.0046570558,0.0047166888,0.0046100301
2,3,0,2,3,2,3,0,1,0,1,1,3,1,2,0,1,0,0,2,3,1,2,1,2,2,2,0,0,3,3,0,3,0,3,1,3,2,1,2,3,0,1,2,3,2,1,0
0.0674876226,0.0636033204,0.0652508460,0.0506392752,0.0592285413,0.0557260177,0.0677150564,0.0685701177,0.0692938917,0.0528849772,0.0532281882,0.0528578049,0.0275995448,0.0276728293,0.0275975666,0.0222691086,0.0223425875,0.0223335248,0.0062410566,0.0062579707,0.0062955639,0.0053066889,0.0052880396,0.0053043312,0.0062948554,0.0062372241,0.0061917750,0.0052296474,0.0052790276,0.0053508450,0.0052945500,0.0052135812,0.0053194283,0.0046420973,0.0046572533,0.0046484084,0.0052883860,0.0052651347,0.0052208220,0.0047035095,0.0046777809,0.0046281218,0.0053087406,0.0052439065,0.0053013436,0.0046404721,0.0047105080,0.0046062790
2,3,0,2,3,2,3,0,1,0,1,1,3,1,2,0,1,0,0,2,3,1,2,1,2,2,2,0,0,3,3,0,3,0,3,1,3,2,1,2,3,0,1,2,3,2,1,0
0.0666204894,0.0634229874,0.0615004682,0.0494395055,0.0601069210,0.0562704303,0.0682856574,0.0684214533,0.0735765442,0.0532978513,0.0534022992,0.0533489670,0.0276869019,0.0275847110,0.0274718678,0.0221542327,0.0223978588,0.0224517942,0.0062687477,0.0062787905,0.0062968929,0.0053137020,0.0052973343,0.0053056362,0.0063068826,0.0062476878,0.0062100811,0.0052467204,0.0052995239,0.0053544137,0.0052967299,0.0052290697,0.0053227796,0.0046529596,0.0046739124,0.0046628932,0.0052920552,0.0052808956,0.0052339275,0.0047164782,0.0046854307,0.0046428405,0.0053230172,0.0052532635,0.0053122020,0.0046492587,0.0047254159,0.0046243851
2,3,0,2,3,2,3,0,1,0,1,1,3,1,2,0,1,0,0,2,3,1,2,1,2,2,2,0,0,3,3,0,3,0,3,1,3,2,1,2,3,0,1,2,3,2,1,0
0.0668739474,0.0625492577,0.0571875647,0.0477684454,0.0607249358,0.0561995186,0.0685937849,0.0701196979,0.0775966124,0.0551623243,0.0533191831,0.0533494753,0.0276530213,0.0275622620,0.0275306407,0.0223595234,0.0222967401,0.0224188897,0.0062438813,0.0062737918,0.0062959056,0.0053094687,0.0052950696,0.0053154947,0.0063052903,0.0062376586,0.0062138361,0.0052425636,0.0052838269,0.0053494999,0.0052915084,0.0052191576,0.0053160080,0.0046501488,0.0046582862,0.0046670212,0.0052830363,0.0052885073,0.0052361720,0.0047292645,0.0046821899,0.0046314329,0.0053130915,0.0052555214,0.0053059883,0.0046548882,0.0047282179,0.0046205401
2,3,0,2,3,2,3,0,1,0,1,1,3,1,2,0,1,0,0,2,3,1,2,1,2,2,2,0,0,3,3,0,3,0,3,1,3,2,1,2,3,0,1,2,3,2,1,0
0.0658810884,0.0596927234,0.0549684580,0.0448824383,0.0608588532,0.0566027971,0.0677615113,0.0731272408,0.0797618444,0.0581955839,0.0534473061,0.0530677009,0.0275896782,0.0275816190,0.0276672654,0.0222530837,0.0224392556,0.0224034035,0.0062473901,0.0062740620,0.0062922073,0.0053025537,0.0052955805,0.0053061712,0.0062988399,0.0062527034,0.0062032904,0.0052422749,0.0052854893,0.0053541776,0.0052967937,0.0052130466,0.0053207822,0.0046450832,0.0046575146,0.0046540291,0.0052915866,0.0052640273,0.0052281793,0.0047148600,0.0046804641,0.0046292812,0.0053120182,0.0052456691,0.0053069154,0.0046517657,0.0047273094,0.0046085811
2,3,0,2,3,2,3,0,1,0,1,1,3,1,2,0,1,0,0,2,3,1,2,1,2,2,2,0,0,3,3,0,3,0,3,1,3,2,1,2,3,0,1,2,3,2,1,0
0.0652566575,0.0577911334,0.0543805562,0.0435448955,0.0602159364,0.0569474905,0.0682267534,0.0754791433,0.0806358784,0.0593238818,0.0536007941,0.0531129596,0.0276269927,0.0275221052,0.0277680251,0.0223725822,0.0224029629,0.0223630951,0.0062578805,0.0062698156,0.0063021843,0.0053126265,0.0052962601,0.0053161931,0.0062938035,0.0062459588,0.0062106337,0.0052535747,0.0052814389,0.0053648761,0.0053000040,0.0052243913,0.0053341961,0.0046504929,0.0046559881,0.0046579749,0.0052884898,0.0052731543,0.0052426373,0.0047243265,0.0046834383,0.0046551958,0.0053106786,0.0052507039,0.0053081017,0.0046478293,0.0047269519,0.0046154936
2,3,0,2,3,2,3,0,1,0,1,1,3,1,2,0,1,0,0,2,3,1,2,1,2,2,2,0,0,3,3,0,3,0,3,1,3,2,1,2,3,0,1,2,3,2,1,0
0.0656222193,0.0565564650,0.0544961414,0.0431978458,0.0578823326,0.0591779618,0.0680536046,0.0765601883,0.0810602015,0.0598125299,0.0543130554,0.0537795324,0.0276572817,0.0276284766,0.0275401677,0.0221935259,0.0223501092,0.0223208903,0.0062514988,0.0062735152,0.0062954598,0.0053021811,0.0052884037,0.0053143658,0.0062962504,0.0062472805,0.0061980684,0.0052384028,0.0052915705,0.0053530295,0.0052940220,0.0052220062,0.0053196331,0.0046486277,0.0046584204,0.0046533492,0.0052900689,0.0052699476,0.0052336580,0.0047093217,0.0046815164,0.0046335433,0.0053020405,0.0052556663,0.0053067843,0.0046453790,0.0047149654,0.0046096915
2,3,0,2,3,2,3,0,1,0,1,1,3,1,2,0,1,0,0,2,3,1,2,1,2,2,2,0,0,3,3,0,3,0,3,1,3,2,1,2,3,0,1,2,3,2,1,0
0.0651912620,0.0562970794,0.0539471368,0.0425949257,0.0554736396,0.0581919697,0.0694523674,0.0774633436,0.0810376088,0.0599312991,0.0548120282,0.0535525684,0.0275380699,0.0276200750,0.0277698659,0.0223825404,0.0224754307,0.0223428671,0.0062478647,0.0062746717,0.0062948915,0.0053120385,0.0053037698,0.0053150715,0.0062964471,0.0062434202,0.0062030642,0.0052404744,0.0052908811,0.0053515331,0.0053010878,0.0052347699,0.0053257671,0.0046511176,0.0046503353,0.0046590301,0.0052847901,0.0052730003,0.0052310046,0.0047183760,0.0046801280,0.0046337115,0.0053001379,0.0052478557,0.0053047048,0.0046434064,0.0047254248,0.0046252112
2,3,0,2,3,2,3,0,1,0,1,1,3,1,2,0,1,0,0,2,3,1,2,1,2,2,2,0,0,3,3,0,3,0,3,1,3,2,1,2,3,0,1,2,3,2,1,0
0.0643581174,0.0554575367,0.0538747279,0.0425609338,0.0548986864,0.0564920403,0.0690659011,0.0792226360,0.0819752503,0.0609436899,0.0557752036,0.0535480981,0.0276068162,0.0275854769,0.0276677164,0.0224429500,0.0223975299,0.0222645570,0.0062768656,0.0062687163,0.0062900535,0.0053113894,0.0052963266,0.0053135917,0.0063015185,0.0062415337,0.0062100662,0.0052631849,0.0053155440,0.0053556007,0.0052996896,0.0052365004,0.0053304882,0.0046612838,0.0046513194,0.0046734453,0.0052961356,0.0052726405,0.0052445847,0.0047122941,0.0046857583,0.0046547471,0.0053207525,0.0052516584,0.0053068500,0.0046473728,0.0047287189,0.0046292594
2,3,0,2,3,2,3,0,1,0,1,1,3,1,2,0,1,0,0,2,3,1,2,1,2,2,2,0,0,3,3,0,3,0,3,1,3,2,1,2,3,0,1,2,3,2,1,0
0.0637542037,0.0546926576,0.0540664310,0.0424549401,0.0526652326,0.0539420446,0.0692409712,0.0795522978,0.0824207440,0.0609530541,0.0568740476,0.0534194190,0.0276173408,0.0275595450,0.0278039288,0.0223900636,0.0224604679,0.0223916943,0.0062378380,0.0062664526,0.0062836048,0.0053057594,0.0052809891,0.0052946429,0.0062894257,0.0062342898,0.0062020306,0.0052276383,0.0052777092,0.0053376504,0.0052956354,0.0052038899,0.0053168055,0.0046468696,0.0046474114,0.0046412322,0.0052846683,0.0052651663,0.0052163859,0.0047100851,0.0046743923,0.0046197452,0.0052979344,0.0052359691,0.0052924980,0.0046342093,0.0047210060,0.0046070835
2,3,0,2,3,2,3,0,1,0,1,1,3,1,2,0,1,0,0,2,3,1,2,1,2,2,2,0,0,3,3,0,3,0,3,1,3,2,1,2,3,0,1,2,3,2,1,0
0.0624319678,0.0546124217,0.0541689108,0.0426115208,0.0516165258,0.0525167238,0.0717049030,0.0799155654,0.0833625910,0.0612180583,0.0573420488,0.0530919777,0.0276598496,0.0275024969,0.0276796115,0.0223248212,0.0224257833,0.0223009732,0.0062445036,0.0062614058,0.0062917373,0.0052948278,0.0052923146,0.0053017028,0.0062925440,0.0062348174,0.0062116415,0.0052317177,0.0052886783,0.0053458823,0.0052928472,0.0052153380,0.0053282375,0.0046501164,0.0046577346,0.0046462812,0.0052838658,0.0052760438,0.0052232456,0.0047124901,0.0046802639,0.0046363378,0.0052963922,0.0052500596,0.0053066983,0.0046377354,0.0047256492,0.0046228466
2,3,0,2,3,2,3,0,1,0,1,1,3,1,2,0,1,0,0,2,3,1,2,1,2,2,2,0,0,3,3,0,3,0,3,1,3,2,1,2,3,0,1,2,3,2,1,0
0.0619588875,0.0545641377,0.0542983361,0.0426046494,0.0503454018,0.0510523389,0.0726326858,0.0803588450,0.0830435538,0.0625041102,0.0579467796,0.0537637609,0.0275217641,0.0275996363,0.0275828943,0.0222313008,0.0224353739,0.0223309480,0.0062471521,0.0062670674,0.0062863149,0.0052980722,0.0052836969,0.0052958797,0.0062921070,0.0062335649,0.0062006186,0.0052288329,0.0052864383,0.0053477872,0.0052963835,0.0052113093,0.0053158620,0.0046558758,0.0046442272,0.0046502715,0.0052922341,0.0052672630,0.0052248146,0.0047119437,0.0046803848,0.0046357668,0.0052974013,0.0052427750,0.0053065891,0.0046404108,0.0047240185,0.0046118361
2,3,0,2,3,2,3,0,1,0,1,1,3,1,2,0,1,0,0,2,3,1,2,1,2,2,2,0,0,3,3,0,3,0,3,1,3,2,1,2,3,0,1,2,3,2,1,0
0.0609399627,0.0544169739,0.0545930342,0.0427224413,0.0487161927,0.0512654190,0.0740773424,0.0812620168,0.0823373638,0.0624862518,0.0595468729,0.0539343031,0.0276203648,0.0275169805,0.0299528034,0.0225301195,0.0223879222,0.0222904188,0.0062492185,0.0062658718,0.0062870187,0.0052965007,0.0052868196,0.0053016156,0.0062947303,0.0062311954,0.0062053790,0.0052325948,0.0052727140,0.0053387944,0.0052909482,0.0052166048,0.0053229972,0.0046461684,0.0046426790,0.0046578634,0.0052800370,0.0052603514,0.0052241755,0.0047251588,0.0046733763,0.0046310523,0.0053066762,0.0052427945,0.0053068206,0.0046475181,0.0047212204,0.0046176085
2,3,0,2,3,2,3,0,1,0,1,1,3,1,2,0,1,0,0,2,3,1,2,1,2,2,2,0,0,3,3,0,3,0,3,1,3,2,1,2,3,0,1,2,3,2,1,0
0.0596253295,0.0542137439,0.0547513645,0.0426854540,0.0475821958,0.0501667988,0.0756319398,0.0811571191,0.0784301207,0.0618552216,0.0599433211,0.0546005285,0.0276226487,0.0284741207,0.0339257697,0.0239149136,0.0224638609,0.0223305590,0.0062528886,0.0062679753,0.0062951621,0.0053022890,0.0053026465,0.0053101822,0.0063064731,0.0062390826,0.0061985470,0.0052280800,0.0052858422,0.0053509180,0.0053003850,0.0052199436,0.0053322655,0.0046574041,0.0046490555,0.0046582537,0.0052844957,0.0052668075,0.0052299009,0.0047178901,0.0046832990,0.0046375412,0.0053020190,0.0052486573,0.0053010099,0.0046430803,0.0047125912,0.0046158742
2,3,0,2,3,2,3,0,1,0,1,1,3,1,2,0,1,0,0,2,3,1,2,1,2,2,2,0,0,3,3,0,3,0,3,1,3,2,1,2,3,0,1,2,3,2,1,0
0.0579565006,0.0543963304,0.0551478884,0.0427509057,0.0467421442,0.0490893943,0.0772845284,0.0797747252,0.0779904661,0.0606288265,0.0607165710,0.0554592835,0.0277092897,0.0303776728,0.0354381396,0.0252828145,0.0224485755,0.0223929392,0.0062407677,0.0062745683,0.0062910230,0.0053049658,0.0052997788,0.0052991863,0.0063005112,0.0062400796,0.0062222122,0.0052337598,0.0052717805,0.0053552443,0.0053047203,0.0052203068,0.0053302844,0.0046444146,0.0046524904,0.0046471366,0.0052942974,0.0052605780,0.0052282450,0.0047093872,0.0046855272,0.0046561684,0.0053044887,0.0052533355,0.0053052565,0.0046498953,0.0047265367,0.0046171595
2,3,0,2,3,2,3,0,1,0,1,1,3,1,2,0,1,0,0,2,3,1,2,1,2,2,2,0,0,3,3,0,3,0,3,1,3,2,1,2,3,0,1,2,3,2,1,0
0.0569244581,0.0543944717,0.0555251694,0.0429610110,0.0465365976,0.0483682051,0.0782191964,0.0783469084,0.0786632979,0.0607517291,0.0611515647,0.0559877400,0.0276670721,0.0324155168,0.0358286399,0.0264115940,0.0228219685,0.0223574498,0.0062466341,0.0062654993,0.0062869582,0.0053101397,0.0052868475,0.0053024852,0.0063077018,0.0062520249,0.0062036711,0.0052357978,0.0052862713,0.0053443390,0.0052983062,0.0052209528,0.0053313420,0.0046538679,0.0046549649,0.0046522492,0.0052874915,0.0052714408,0.0052379179,0.0047237989,0.0046802722,0.0046355860,0.0053070729,0.0052455283,0.0052961647,0.0046465138,0.0047308188,0.0046133673
2,3,0,2,3,2,3,0,1,0,1,1,3,1,2,0,1,0,0,2,3,1,2,1,2,2,2,0,0,3,3,0,3,0,3,1,3,2,1,2,3,0,1,2,3,2,1,0
0.0565056430,0.0542346786,0.0555697654,0.0432085662,0.0459128017,0.0472292398,0.0792440677,0.0786026576,0.0808883477,0.0612235243,0.0612289435,0.0566223343,0.0279153559,0.0339046488,0.0355085538,0.0269708378,0.0232916632,0.0223727251,0.0062410472,0.0062597427,0.0062808329,0.0052964122,0.0052823500,0.0052985871,0.0062848064,0.0062316545,0.0062031227,0.0052356300,0.0052794291,0.0053358203,0.0052900095,0.0052085079,0.0053188704,0.0046422159,0.0046435874,0.0046528416,0.0052814017,0.0052673453,0.0052275598,0.0047181018,0.0046762096,0.0046383819,0.0052961398,0.0052383383,0.0052951180,0.0046369043,0.0047195161,0.0046121193
2,3,0,2,3,2,3,0,1,0,1,1,3,1,2,0,1,0,0,2,3,1,2,1,2,2,2,0,0,3,3,0,3,0,3,1,3,2,1,2,3,0,1,2,3,2,1,0
0.0554187407,0.0548284485,0.0559462880,0.0432131000,0.0453999788,0.0464398411,0.0802963764,0.0788340798,0.0829139151,0.0622998470,0.0611861185,0.0568317918,0.0279367643,0.0348660864,0.0347906234,0.0273388618,0.0239356421,0.0224881219,0.0062640812,0.0062654218,0.0062815906,0.0053062403,0.0052859420,0.0053055094,0.0062948136,0.0062464895,0.0062076672,0.0052412698,0.0052875747,0.0053468131,0.0052913295,0.0052284582,0.0053193296,0.0046594065,0.0046569560,0.0046541369,0.0052895669,0.0052847215,0.0052323784,0.0047224593,0.0046867927,0.0046395583,0.0053103571,0.0052394620,0.0053038395,0.0046482241,0.0047326258,0.0046327893
2,3,0,2,3,2,3,0,1,0,1,1,3,1,2,0,1,0,0,2,3,1,2,1,2,2,2,0,0,3,3,0,3,0,3,1,3,2,1,2,3,0,1,2,3,2,1,0
0.0550327277,0.0549550740,0.0564328042,0.0433847849,0.0450529326,0.0455255939,0.0798764417,0.0810482499,0.0840486598,0.0651059163,0.0622368505,0.0573738532,0.0282195942,0.0357552585,0.0336898620,0.0275541565,0.0244919930,0.0225844024,0.0062448077,0.0062574512,0.0062814979,0.0053048834,0.0052867456,0.0053053547,0.0062984106,0.0062364897,0.0061945469,0.0052353944,0.0052838187,0.0053491897,0.0052903414,0.0052226873,0.0053218852,0.0046442329,0.0046426159,0.0046578783,0.0052873377,0.0052661248,0.0052333046,0.0047164518,0.0046766570,0.0046360445,0.0052994118,0.0052513863,0.0053054907,0.0046513850,0.0047176853,0.0046140087
2,3,0,2,3,2,3,0,1,0,1,1,3,1,2,0,1,0,0,2,3,1,2,1,2,2,2,0,0,3,3,0,3,0,3,1,3,2,1,2,3,0,1,2,3,2,1,0
0.0552801621,0.0552525401,0.0570431668,0.0433575195,0.0446541328,0.0459638781,0.0811951145,0.0837619365,0.0851494667,0.0674071606,0.0645697409,0.0579663949,0.0283219610,0.0362666889,0.0320111986,0.0271079195,0.0252520850,0.0226394679,0.0062534659,0.0062468264,0.0062752856,0.0053368409,0.0053192252,0.0052374963,0.0062948652,0.0062609510,0.0062376731,0.0052770851,0.0052896703,0.0052841150,0.0052725440,0.0052651893,0.0052923864,0.0046838219,0.0046488046,0.0047061681,0.0052171281,0.0052982754,0.0052058531,0.0046711960,0.0046882840,0.0046485242,0.0052665052,0.0053016656,0.0052433224,0.0046422905,0.0046630123,0.0046317928
1,0,3,1,3,2,2,3,1,0,0,2,3,0,1,2,2,3,0,1,0,3,3,0,1,1,0,3,2,3,1,1,2,3,2,1,0,1,2,3,2,1,2,0,1,0,0,0
0.0543799337,0.0550575396,0.0580604641,0.0433192480,0.0440773741,0.0452072852,0.0808753395,0.0867315470,0.0865871627,0.0689398899,0.0670925133,0.0579171722,0.0289992309,0.0362715423,0.0304411395,0.0256768711,0.0263973618,0.0229099982,0.0062521390,0.0062410669,0.0062764239,0.0053422397,0.0053141009,0.0052416091,0.0062921031,0.0062649597,0.0062322853,0.0052950698,0.0053026945,0.0052850667,0.0052623544,0.0052629449,0.0053080272,0.0046851619,0.0046541415,0.0047093991,0.0052296225,0.0053047241,0.0052046505,0.0046856561,0.0046960442,0.0046595842,0.0052800487,0.0052964725,0.0052292564,0.0046382677,0.0046553667,0.0046437975
1,0,3,1,3,2,2,3,1,0,0,2,3,0,1,2,2,3,0,1,0,3,3,0,1,1,0,3,2,3,1,1,2,3,2,1,0,1,2,3,2,1,2,0,1,0,0,0
0.0546900785,0.0551199716,0.0582893222,0.0436632185,0.0439631300,0.0449469513,0.0829876503,0.0889580167,0.0874592444,0.0695593535,0.0700362614,0.0580163825,0.0301317483,0.0353173100,0.0291290527,0.0244285355,0.0272961673,0.0234070379,0.0062560588,0.0062383112,0.0070233145,0.0059354576,0.0053129376,0.0052390318,0.0063084845,0.0062624599,0.0062420431,0.0052641003,0.0052986944,0.0052857680,0.0052749252,0.0052799696,0.0052879968,0.0046828457,0.0046651713,0.0047119801,0.0052285312,0.0053069642,0.0052025924,0.0046757930,0.0046846472,0.0046486569,0.0052576882,0.0053042166,0.0052362744,0.0046418601,0.0046455466,0.0046373696
1,0,3,1,3,2,2,3,1,0,0,2,3,0,1,2,2,3,0,1,0,3,3,0,1,1,0,3,2,3,1,1,2,3,2,1,0,1,2,3,2,1,2,0,1,0,0,0
0.0540007568,0.0552601073,0.0582994043,0.0437369476,0.0436192656,0.0442888369,0.0854276505,0.0905334258,0.0883355668,0.0701021251,0.0735780207,0.0588567574,0.0320464680,0.0330590541,0.0260150327,0.0227752447,0.0271813358,0.0244575707,0.0062513051,0.0077770753,0.0102455123,0.0075885062,0.0067832876,0.0052774162,0.0062915892,0.0062562458,0.0062511744,0.0052890742,0.0053000563,0.0052960049,0.0052827813,0.0052838771,0.0053014585,0.0046855118,0.0046568791,0.0047237186,0.0052300501,0.0053063125,0.0052149641,0.0046780307,0.0046930820,0.0046577958,0.0052775095,0.0053252611,0.0052460881,0.0046392489,0.0046568679,0.0046458589
1,0,3,1,3,2,2,3,1,0,0,2,3,0,1,2,2,3,0,1,0,3,3,0,1,1,0,3,2,3,1,1,2,3,2,1,0,1,2,3,2,1,2,0,1,0,0,0
0.0539576782,0.0555825035,0.0587549203,0.0439481589,0.0434913042,0.0439483766,0.0888863531,0.0908623191,0.0887262293,0.0702457937,0.0748451366,0.0613747801,0.0336789812,0.0298918290,0.0227945184,0.0207189823,0.0256494209,0.0257503611,0.0062601976,0.0089271925,0.0126072939,0.0086509294,0.0072989588,0.0052527672,0.0062956304,0.0062594650,0.0062440822,0.0052759096,0.0053020302,0.0053000772,0.0052746748,0.0052819034,0.0052937422,0.0046978674,0.0046508352,0.0047275713,0.0052334212,0.0053027393,0.0052048518,0.0046870399,0.0046847793,0.0046601914,0.0052758473,0.0053049509,0.0052436127,0.0046414826,0.0046563936,0.0046447404
1,0,3,1,3,2,2,3,1,0,0,2,3,0,1,2,2,3,0,1,0,3,3,0,1,1,0,3,2,3,1,1,2,3,2,1,0,1,2,3,2,1,2,0,1,0,0,0
0.0541392686,0.0559571711,0.0595973350,0.0446108244,0.0432387457,0.0436240440,0.0931639525,0.0918141159,0.0882379002,0.0701590695,0.0749307980,0.0661294606,0.0343093698,0.0264653442,0.0206160237,0.0189089439,0.0235657128,0.0272232490,0.0083575022,0.0103590790,0.0136102972,0.0092852642,0.0075650428,0.0052425837,0.0062900889,0.0062549316,0.0062308132,0.0052869379,0.0052961362,0.0052902855,0.0052563591,0.0052552547,0.0052871081,0.0046823227,0.0046497185,0.0047119131,0.0052246943,0.0052932002,0.0052086020,0.0046841166,0.0046805669,0.0046469036,0.0052590841,0.0052907752,0.0052270411,0.0046298531,0.0046449397,0.0046311371
1,0,3,1,3,2,2,3,1,0,0,2,3,0,1,2,2,3,0,1,0,3,3,0,1,1,0,3,2,3,1,1,2,3,2,1,0,1,2,3,2,1,2,0,1,0,0,0
0.0539273629,0.0571787059,0.0609622167,0.0456194560,0.0432532974,0.0431651439,0.0987732755,0.0907392458,0.0863240994,0.0697933604,0.0743538925,0.0708778308,0.0336798635,0.0236003759,0.0195005913,0.0174572791,0.0215143037,0.0278114952,0.0084664755,0.0114321009,0.0142624752,0.0101047607,0.0076841598,0.0070011814,0.0062884825,0.0062609870,0.0062291556,0.0052771768,0.0052936329,0.0052919884,0.0052577665,0.0052470764,0.0052873048,0.0046851752,0.0046475426,0.0047127834,0.0052198963,0.0052927133,0.0052058456,0.0046841094,0.0046789545,0.0046570858,0.0052612127,0.0053015514,0.0052419941,0.0046421295,0.0046489675,0.0046330765
1,0,3,1,3,2,2,3,1,0,0,2,3,0,1,2,2,3,0,1,0,3,3,0,1,1,0,3,2,3,1,1,2,3,2,1,0,1,2,3,2,1,2,0,1,0,0,0
0.0536576118,0.0583900973,0.0626321424,0.0473775258,0.0434714857,0.0430675745,0.1048401988,0.0894347396,0.0851995110,0.0687978124,0.0737665728,0.0757759458,0.0323357131,0.0211658712,0.0189175465,0.0165287691,0.0199052943,0.0273550147,0.0088421670,0.0127650548,0.0144625165,0.0105438627,0.0079600047,0.0074966890,0.0062770340,0.0062471170,0.0062426868,0.0052838254,0.0052899439,0.0052870366,0.0052644266,0.0052509067,0.0052866770,0.0046826354,0.0046499250,0.0047144511,0.0052228730,0.0052965603,0.0051977573,0.0046728849,0.0046779700,0.0046481810,0.0052582222,0.0053052144,0.0052313824,0.0046305567,0.0046436179,0.0046325290
1,0,3,1,3,2,2,3,1,0,0,2,3,0,1,2,2,3,0,1,0,3,3,0,1,1,0,3,2,3,1,1,2,3,2,1,0,1,2,3,2,1,2,0,1,0,0,0
0.0539470272,0.0602465269,0.0641711561,0.0482740473,0.0448284038,0.0428323758,0.1093080239,0.0874725127,0.0839568629,0.0671523839,0.0719337144,0.0804949656,0.0300284436,0.0199222200,0.0188895253,0.0160679679,0.0185208968,0.0258587414,0.0094448974,0.0132146423,0.0145805495,0.0108923998,0.0083799805,0.0075623724,0.0062941547,0.0062597991,0.0062293993,0.0052709625,0.0052945123,0.0052896997,0.0052656119,0.0052534780,0.0052926529,0.0046848696,0.0046529723,0.0047221281,0.0052330024,0.0052951072,0.0052032656,0.0046885984,0.0046901617,0.0046506275,0.0052604597,0.0053025531,0.0052358717,0.0046524415,0.0046453163,0.0046461544
1,0,3,1,3,2,2,3,1,0,0,2,3,0,1,2,2,3,0,1,0,3,3,0,1,1,0,3,2,3,1,1,2,3,2,1,0,1,2,3,2,1,2,0,1,0,0,0
0.0547406966,0.0621878103,0.0656008573,0.0498107998,0.0462771914,0.0426647369,0.1128814854,0.0853032013,0.0825485332,0.0660177144,0.0696283138,0.0836688758,0.0270493915,0.0190193072,0.0188692932,0.0157857387,0.0172180286,0.0233856301,0.0099843645,0.0135583589,0.0144778858,0.0110089321,0.0090970422,0.0075744719,0.0062831117,0.0062517785,0.0062317537,0.0052937141,0.0053001183,0.0052866114,0.0052636768,0.0052540603,0.0052988975,0.0046938521,0.0046612965,0.0047168257,0.0052186967,0.0053063355,0.0052101812,0.0046763611,0.0046875134,0.0046491646,0.0052655133,0.0052923535,0.0052349047,0.0046320791,0.0046498863,0.0046349140
1,0,3,1,3,2,2,3,1,0,0,2,3,0,1,2,2,3,0,1,0,3,3,0,1,1,0,3,2,3,1,1,2,3,2,1,0,1,2,3,2,1,2,0,1,0,0,0
0.0560136756,0.0638044986,0.0670743590,0.0506532704,0.0479079467,0.0431026397,0.1064078584,0.0843829165,0.0821653828,0.0650377970,0.0679017501,0.0780576299,0.0238541619,0.0186875528,0.0188240918,0.0156443642,0.0169870681,0.0206091477,0.0102179110,0.0137261081,0.0144786273,0.0110500166,0.0092162304,0.0076443126,0.0062878170,0.0062530419,0.0062316817,0.0052812845,0.0052951919,0.0052878485,0.0052673927,0.0052568487,0.0052968337,0.0046867629,0.0046552242,0.0047129862,0.0052215495,0.0052911849,0.0052118008,0.0046814887,0.0046864059,0.0046488757,0.0052606779,0.0053080218,0.0052306780,0.0046279835,0.0046443401,0.0046285839
1,0,3,1,3,2,2,3,1,0,0,2,3,0,1,2,2,3,0,1,0,3,3,0,1,1,0,3,2,3,1,1,2,3,2,1,0,1,2,3,2,1,2,0,1,0,0,0
0.0579487424,0.0647738043,0.0679651595,0.0515769116,0.0492944185,0.0439704007,0.0986035474,0.0825765364,0.0817505900,0.0646349717,0.0661897788,0.0750512099,0.0217737494,0.0187351847,0.0187611959,0.0156676829,0.0165405778,0.0188289179,0.0108026674,0.0138172298,0.0144359733,0.0111175735,0.0093490166,0.0079304097,0.0062901106,0.0062556451,0.0062217164,0.0052829509,0.0053014363,0.0052890282,0.0052714131,0.0052671147,0.0052888735,0.0046877878,0.0046463811,0.0047228021,0.0052181896,0.0052985086,0.0052023400,0.0046714411,0.0046838599,0.0046532559,0.0052573949,0.0053027903,0.0052470434,0.0046466897,0.0046427644,0.0046366051
1,0,3,1,3,2,2,3,1,0,0,2,3,0,1,2,2,3,0,1,0,3,3,0,1,1,0,3,2,3,1,1,2,3,2,1,0,1,2,3,2,1,2,0,1,0,0,0
0.0600315556,0.0660553595,0.0686770141,0.0522507817,0.0503075572,0.0459621860,0.0952734446,0.0821100292,0.0817582974,0.0639289394,0.0648488160,0.0709577021,0.0204698044,0.0187683591,0.0188531313,0.0158829029,0.0162536019,0.0175256207,0.0115012950,0.0137538830,0.0143288064,0.0112997792,0.0095275868,0.0082757563,0.0062977463,0.0071731561,0.0083082474,0.0071330011,0.0066224726,0.0052887460,0.0052680534,0.0052651292,0.0053001858,0.0046835097,0.0046482985,0.0047277165,0.0052219523,0.0053067643,0.0052044325,0.0046846881,0.0046900055,0.0046585535,0.0052632246,0.0053101961,0.0052478060,0.0046371688,0.0046625905,0.0046469147
1,0,3,1,3,2,2,3,1,0,0,2,3,0,1,2,2,3,0,1,0,3,3,0,1,1,0,3,2,3,1,1,2,3,2,1,0,1,2,3,2,1,2,0,1,0,0,0
0.0622421169,0.0674407939,0.0690920970,0.0524527876,0.0508112651,0.0480792564,0.0911821569,0.0824282190,0.0822278256,0.0641127150,0.0636473174,0.0674867629,0.0197463440,0.0187546004,0.0189113370,0.0159215524,0.0161581893,0.0171926705,0.0117629729,0.0134920904,0.0125909061,0.0110905641,0.0098388494,0.0087105726,0.0063017461,0.0084569034,0.0102221406,0.0077391322,0.0072227518,0.0052983936,0.0052707622,0.0052767752,0.0053055620,0.0046883240,0.0046517582,0.0047237189,0.0052353638,0.0053083498,0.0052018880,0.0046907948,0.0046842981,0.0046634372,0.0052739730,0.0053116202,0.0052399613,0.0046441462,0.0046655664,0.0046397400
1,0,3,1,3,2,2,3,1,0,0,2,3,0,1,2,2,3,0,1,0,3,3,0,1,1,0,3,2,3,1,1,2,3,2,1,0,1,2,3,2,1,2,0,1,0,0,0
0.0633686140,0.0668345852,0.0688885717,0.0521793214,0.0515643876,0.0485742268,0.0879594548,0.0818102623,0.0829919426,0.0642532461,0.0638755089,0.0652073918,0.0190789428,0.0188418184,0.0190778475,0.0158236618,0.0160403460,0.0165171523,0.0120510322,0.0127917819,0.0109911284,0.0096458058,0.0096589291,0.0091718454,0.0076321405,0.0090671436,0.0113425247,0.0086140288,0.0075268597,0.0064126978,0.0052853522,0.0052747121,0.0053035538,0.0046924598,0.0046642393,0.0047317414,0.0052507085,0.0053079223,0.0052204463,0.0047044763,0.0046982131,0.0046639791,0.0052750438,0.0053359058,0.0052507996,0.0046630843,0.0046640695,0.0046555615
1,0,3,1,3,2,2,3,1,0,0,2,3,0,1,2,2,3,0,1,0,3,3,0,1,1,0,3,2,3,1,1,2,3,2,1,0,1,2,3,2,1,2,0,1,0,0,0
0.0637403808,0.0668190817,0.0686383175,0.0521374293,0.0515719889,0.0492605738,0.0861021904,0.0822780593,0.0833473479,0.0643782006,0.0637817521,0.0632178434,0.0187111550,0.0189505974,0.0190402738,0.0158819307,0.0160698360,0.0161766773,0.0122984537,0.0116867275,0.0098509900,0.0094050126,0.0095776793,0.0092347571,0.0085754369,0.0100651379,0.0129157302,0.0089270085,0.0076032065,0.0070647646,0.0052608519,0.0052606330,0.0052957715,0.0046880015,0.0046616644,0.0047176915,0.0052318504,0.0053007934,0.0052225475,0.0046949296,0.0046929534,0.0046582754,0.0052795383,0.0053084449,0.0052514663,0.0046611066,0.0046731161,0.0046469270
1,0,3,1,3,2,2,3,1,0,0,2,3,0,1,2,2,3,0,1,0,3,3,0,1,1,0,3,2,3,1,1,2,3,2,1,0,1,2,3,2,1,2,0,1,0,0,0
0.0645569872,0.0660785219,0.0685833961,0.0520770843,0.0506291592,0.0501642222,0.0851029480,0.0827436839,0.0844688738,0.0649341983,0.0640282511,0.0621148495,0.0186703983,0.0189397357,0.0190285362,0.0160393681,0.0160352134,0.0162262807,0.0120564384,0.0105535654,0.0091745920,0.0084301042,0.0094654944,0.0093377113,0.0087845883,0.0112189069,0.0133326960,0.0096189784,0.0077689461,0.0074374036,0.0052785090,0.0052778525,0.0053233226,0.0046971733,0.0046681605,0.0047283740,0.0052507455,0.0053057257,0.0052232509,0.0046945915,0.0047031330,0.0046619678,0.0052747364,0.0053104411,0.0052430945,0.0046491886,0.0046513732,0.0046401953
1,0,3,1,3,2,2,3,1,0,0,2,3,0,1,2,2,3,0,1,0,3,3,0,1,1,0,3,2,3,1,1,2,3,2,1,0,1,2,3,2,1,2,0,1,0,0,0
0.0641747093,0.0656865522,0.0676875634,0.0515219343,0.0499394101,0.0504222868,0.0849652935,0.0838157268,0.0858455602,0.0655386986,0.0646696028,0.0618061731,0.0187325775,0.0190441009,0.0192291073,0.0160258442,0.0160196541,0.0160530042,0.0119669632,0.0096079850,0.0088788624,0.0079697200,0.0091743598,0.0094145883,0.0090572567,0.0117145542,0.0134795232,0.0102230524,0.0080445118,0.0076405092,0.0052840219,0.0052730311,0.0053007818,0.0046893734,0.0046528353,0.0047333420,0.0052363349,0.0053170778,0.0052076501,0.0046755014,0.0046931130,0.0046673299,0.0052705917,0.0053129095,0.0052425823,0.0046644824,0.0046578249,0.0046526116
1,0,3,1,3,2,2,3,1,0,0,2,3,0,1,2,2,3,0,1,0,3,3,0,1,1,0,3,2,3,1,1,2,3,2,1,0,1,2,3,2,1,2,0,1,0,0,0
0.0638617184,0.0649172988,0.0669507958,0.0508763728,0.0495748336,0.0499112468,0.0852272072,0.0843299496,0.0865213163,0.0660569314,0.0652772829,0.0621479035,0.0186261894,0.0190563701,0.0193592904,0.0160919821,0.0159481462,0.0160974233,0.0113232361,0.0089855717,0.0088160613,0.0078727728,0.0083711971,0.0092721488,0.0096038667,0.0124554060,0.0134903096,0.0103902724,0.0085934591,0.0076395691,0.0052589083,0.0052533422,0.0053026067,0.0046830812,0.0046465238,0.0047151027,0.0052195881,0.0052948355,0.0052032630,0.0046819334,0.0046824906,0.0046542233,0.0052597669,0.0052964293,0.0052319337,0.0046264275,0.0046491161,0.0046284861
1,0,3,1,3,2,2,3,1,0,0,2,3,0,1,2,2,3,0,1,0,3,3,0,1,1,0,3,2,3,1,1,2,3,2,1,0,1,2,3,2,1,2,0,1,0,0,0
0.0635159906,0.0638475145,0.0662680687,0.0505264235,0.0489435995,0.0498096757,0.0854804112,0.0845900535,0.0873909131,0.0667527209,0.0655083125,0.0625716040,0.0187834836,0.0192330268,0.0194532550,0.0162631197,0.0159583986,0.0159613983,0.0105715216,0.0088311029,0.0088060471,0.0078683658,0.0081034110,0.0085681582,0.0101874615,0.0128037993,0.0135089513,0.0103239088,0.0090724755,0.0076905537,0.0052642889,0.0052532150,0.0052971612,0.0046816305,0.0046567549,0.0047079548,0.0052324464,0.0052990879,0.0051986199,0.0046712006,0.0046828261,0.0046659045,0.0052623990,0.0053009190,0.0052338362,0.0046270095,0.0046394941,0.0046284982
1,0,3,1,3,2,2,3,1,0,0,2,3,0,1,2,2,3,0,1,0,3,3,0,1,1,0,3,2,3,1,1,2,3,2,1,0,1,2,3,2,1,2,0,1,0,0,0
0.0628583532,0.0635383050,0.0658965313,0.0504620446,0.0487714911,0.0494287950,0.0856718934,0.0853866636,0.0880656371,0.0674193060,0.0655309518,0.0633657745,0.0187882119,0.0193774415,0.0196389567,0.0163759331,0.0160421832,0.0160086180,0.0099028092,0.0087939495,0.0087941474,0.0078693062,0.0079000892,0.0083053821,0.0108270174,0.0128983125,0.0135092189,0.0104150862,0.0091930567,0.0078250741,0.0052632640,0.0052571157,0.0052941668,0.0046917382,0.0046353764,0.0047103989,0.0052379885,0.0052935104,0.0052001555,0.0046813917,0.0046935830,0.0046494395,0.0052677514,0.0053106782,0.0052307405,0.0046396726,0.0046484903,0.0046284933
1,0,3,1,3,2,2,3,1,0,0,2,3,0,1,2,2,3,0,1,0,3,3,0,1,1,0,3,2,3,1,1,2,3,2,1,0,1,2,3,2,1,2,0,1,0,0,0
0.0624917543,0.0633546577,0.0654615451,0.0500288602,0.0484287478,0.0487092269,0.0860309306,0.0857665601,0.0889729110,0.0675415513,0.0659679674,0.0639988228,0.0189114378,0.0195306041,0.0197371196,0.0165105732,0.0161473543,0.0160329173,0.0092634392,0.0087508074,0.0087861290,0.0078701608,0.0078430110,0.0080394912,0.0116473202,0.0128971010,0.0134603976,0.0106024646,0.0092719492,0.0081511804,0.0052674446,0.0058012430,0.0069781718,0.0063455258,0.0055435928,0.0047230728,0.0052203680,0.0052985615,0.0051972155,0.0046751007,0.0046862460,0.0046527275,0.0052653016,0.0052921213,0.0052316771,0.0046452877,0.0046488383,0.0046263319
1,0,3,1,3,2,2,3,1,0,0,2,3,0,1,2,2,3,0,1,0,3,3,0,1,1,0,3,2,3,1,1,2,3,2,1,0,1,2,3,2,1,2,0,1,0,0,0
0.0624226319,0.0630126441,0.0647666089,0.0496256792,0.0480469968,0.0485493047,0.0867766307,0.0866316608,0.0895199981,0.0681765770,0.0659673875,0.0644749362,0.0190576309,0.0196539804,0.0200072188,0.0166303907,0.0161736631,0.0160689937,0.0088745236,0.0087240810,0.0087961371,0.0078563931,0.0078429598,0.0078173746,0.0119083561,0.0127359311,0.0129133940,0.0107383365,0.0093727734,0.0084785459,0.0052779416,0.0073507854,0.0078150873,0.0068584522,0.0065790362,0.0047166055,0.0052346016,0.0053024474,0.0052130474,0.0046804168,0.0046910058,0.0046519134,0.0052569244,0.0053104128,0.0052349117,0.0046339884,0.0046510097,0.0046325147
1,0,3,1,3,2,2,3,1,0,0,2,3,0,1,2,2,3,0,1,0,3,3,0,1,1,0,3,2,3,1,1,2,3,2,1,0,1,2,3,2,1,2,0,1,0,0,0
0.0621085838,0.0631548998,0.0647485397,0.0498070932,0.0480318043,0.0481176322,0.0868897812,0.0867259397,0.0901707107,0.0684702692,0.0655886306,0.0649179585,0.0191163686,0.0198865628,0.0202697673,0.0169138540,0.0163053123,0.0161875845,0.0088241055,0.0087122344,0.0087802405,0.0078514974,0.0078250848,0.0077774404,0.0120488168,0.0123542735,0.0114130291,0.0095220675,0.0094314875,0.0087299893,0.0052806956,0.0075520443,0.0090252825,0.0072092307,0.0068793329,0.0055351947,0.0052298903,0.0052945910,0.0051984824,0.0046751097,0.0046832174,0.0046562599,0.0052634936,0.0053087421,0.0052380955,0.0046402586,0.0046544478,0.0046439870
1,0,3,1,3,2,2,3,1,0,0,2,3,0,1,2,2,3,0,1,0,3,3,0,1,1,0,3,2,3,1,1,2,3,2,1,0,1,2,3,2,1,2,0,1,0,0,0
0.0616379618,0.0627769881,0.0646023689,0.0493216127,0.0477264757,0.0479690667,0.0871994893,0.0872569464,0.0906125717,0.0684106166,0.0661843330,0.0655843932,0.0192409355,0.0200256897,0.0206830321,0.0170852590,0.0164217085,0.0162773817,0.0087761383,0.0086972793,0.0087756175,0.0078550119,0.0078261774,0.0077678473,0.0122589600,0.0118239826,0.0102443225,0.0093182025,0.0094942573,0.0091185892,0.0073747639,0.0082105060,0.0099885919,0.0079938218,0.0069491973,0.0066090536,0.0052337336,0.0053021776,0.0052084511,0.0046767709,0.0046910552,0.0046633825,0.0052667576,0.0053070847,0.0052249398,0.0046446763,0.0046569894,0.0046463341
1,0,3,1,3,2,2,3,1,0,0,2,3,0,1,2,2,3,0,1,0,3,3,0,1,1,0,3,2,3,1,1,2,3,2,1,0,1,2,3,2,1,2,0,1,0,0,0
