1615219.3999999999,1615219.3999999999,1615219.3999999999,1211565.6399999999,1211565.6399999999,1211565.6399999999,1832348.3600000001,1832348.3600000001,1832348.3600000001,1374412.3600000001,1374412.3600000001,1374412.3600000001,569848.5200000000,569848.5200000000,569848.5200000000,427537.4800000000,427537.4800000000,427537.4800000000,39283.4000000000,39283.4000000000,39283.4000000000,29613.6400000000,29613.6400000000,29613.6400000000,39283.4000000000,39283.4000000000,39283.4000000000,29613.6400000000,29613.6400000000,29613.6400000000,29632.2000000000,29632.2000000000,29632.2000000000,22338.1200000000,22338.1200000000,22338.1200000000,29632.2000000000,29632.2000000000,29632.2000000000,22338.1200000000,22338.1200000000,22338.1200000000,29632.2000000000,29632.2000000000,29632.2000000000,22338.1200000000,22338.1200000000,22338.1200000000
3,3,3,3,3,0,3,3,3,3,3,1,0,0,0,0,0,1,0,0,0,0,0,1,1,1,1,1,1,2,1,1,2,2,2,2,1,1,2,2,2,2,2,2,2,2,2,2
1611932.7800000000,1612282.4750000001,1614775.6550000000,1212859.2549999999,1214478.6250000000,1212981.5200000000,1831984.1299999999,1832317.5800000001,1832387.6899999999,1374426.0400000000,1374382.4350000001,1374015.6399999999,569668.9700000000,569850.2300000000,569862.2000000000,427488.7450000000,427605.0250000000,427320.3100000000,39283.4000000000,39283.4000000000,39283.4000000000,29613.6400000000,29613.6400000000,29613.6400000000,39283.4000000000,39283.4000000000,39283.4000000000,29613.6400000000,29613.6400000000,29613.6400000000,29632.2000000000,29632.2000000000,29632.2000000000,22338.1200000000,22338.1200000000,22338.1200000000,29632.2000000000,29632.2000000000,29632.2000000000,22338.1200000000,22338.1200000000,22338.1200000000,29632.2000000000,29632.2000000000,29632.2000000000,22338.1200000000,22338.1200000000,22338.1200000000
3,3,3,3,3,0,3,3,3,3,3,1,0,0,0,0,0,1,0,0,0,0,0,1,1,1,1,1,1,2,1,1,2,2,2,2,1,1,2,2,2,2,2,2,2,2,2,2
1600531.3550000000,1599675.5000000000,1613683.8200000001,1214199.8950000000,1229698.4800000000,1220060.9199999999,1831721.6450000000,1832311.5950000000,1832315.0149999999,1374447.4150000000,1374394.4050000000,1373841.2200000000,569494.5500000000,569886.9950000000,569831.4200000000,427506.7000000000,427571.6800000000,427150.1650000000,39283.4000000000,39283.4000000000,39283.4000000000,29613.6400000000,29613.6400000000,29613.6400000000,39283.4000000000,39283.4000000000,39283.4000000000,29613.6400000000,29613.6400000000,29613.6400000000,29632.2000000000,29632.2000000000,29632.2000000000,22338.1200000000,22338.1200000000,22338.1200000000,29632.2000000000,29632.2000000000,29632.2000000000,22338.1200000000,22338.1200000000,22338.1200000000,29632.2000000000,29632.2000000000,29632.2000000000,22338.1200000000,22338.1200000000,22338.1200000000
3,0,0,3,1,0,3,2,1,2,1,2,2,0,1,1,3,0,3,2,3,3,3,1,2,3,3,2,3,2,2,2,3,0,1,0,2,3,2,1,0,2,3,2,3,1,0,2
1592114.7350000001,1580016.4850000001,1605782.7649999999,1223462.1100000001,1245107.2900000000,1229314.5850000000,1831625.0300000000,1832323.5649999999,1832265.4250000000,1374448.2700000000,1374415.7800000000,1373675.3500000001,569307.3050000001,569889.5600000001,569847.6650000000,427509.2650000000,427569.1150000000,426993.7000000000,39283.4000000000,39283.4000000000,39283.4000000000,29613.6400000000,29613.6400000000,29613.6400000000,39283.4000000000,39283.4000000000,39283.4000000000,29613.6400000000,29613.6400000000,29613.6400000000,29632.2000000000,29632.2000000000,29632.2000000000,22338.1200000000,22338.1200000000,22338.1200000000,29632.2000000000,29632.2000000000,29632.2000000000,22338.1200000000,22338.1200000000,22338.1200000000,29632.2000000000,29632.2000000000,29632.2000000000,22338.1200000000,22338.1200000000,22338.1200000000
3,0,0,3,1,0,3,2,1,2,1,2,2,0,1,1,3,0,3,2,3,3,3,1,2,3,3,2,3,2,2,2,3,0,1,0,2,3,2,1,0,2,3,2,3,1,0,2
1578368.8999999999,1577975.6000000001,1571862.3500000001,1211339.9199999999,1271137.7649999999,1239929.4099999999,1831507.8950000000,1832322.7100000000,1832341.5200000000,1374414.0700000001,1374302.9199999999,1373549.6650000000,569100.3950000000,569913.5000000000,569887.8500000000,427524.6550000000,427563.9850000000,426838.0900000000,39283.4000000000,39283.4000000000,39283.4000000000,29613.6400000000,29613.6400000000,29613.6400000000,39283.4000000000,39283.4000000000,39283.4000000000,29613.6400000000,29613.6400000000,29613.6400000000,29632.2000000000,29632.2000000000,29632.2000000000,22338.1200000000,22338.1200000000,22338.1200000000,29632.2000000000,29632.2000000000,29632.2000000000,22338.1200000000,22338.1200000000,22338.1200000000,29632.2000000000,29632.2000000000,29632.2000000000,22338.1200000000,22338.1200000000,22338.1200000000
3,0,0,3,1,0,3,2,1,2,1,2,2,0,1,1,3,0,3,2,3,3,3,1,2,3,3,2,3,2,2,2,3,0,1,0,2,3,2,1,0,2,3,2,3,1,0,2
1581616.1899999999,1538668.6850000001,1492213.9700000000,1159789.4050000000,1278041.0349999999,1251968.6650000000,1831416.4099999999,1832403.9350000001,1832286.8000000000,1374465.3700000001,1374365.3350000000,1373393.2000000000,568942.2200000000,569896.4000000000,569845.1000000000,427518.6700000000,427570.8250000000,426693.5950000000,39283.4000000000,39283.4000000000,39283.4000000000,29613.6400000000,29613.6400000000,29613.6400000000,39283.4000000000,39283.4000000000,39283.4000000000,29613.6400000000,29613.6400000000,29613.6400000000,29632.2000000000,29632.2000000000,29632.2000000000,22338.1200000000,22338.1200000000,22338.1200000000,29632.2000000000,29632.2000000000,29632.2000000000,22338.1200000000,22338.1200000000,22338.1200000000,29632.2000000000,29632.2000000000,29632.2000000000,22338.1200000000,22338.1200000000,22338.1200000000
3,0,0,3,1,0,3,2,1,2,1,2,2,0,1,1,3,0,3,2,3,3,3,1,2,3,3,2,3,2,2,2,3,0,1,0,2,3,2,1,0,2,3,2,3,1,0,2
1580526.9199999999,1507640.7350000001,1487460.1699999999,1140849.4450000001,1292981.3049999999,1255733.2300000000,1831283.0300000000,1832344.9399999999,1832274.8300000001,1374491.8750000000,1374309.7600000000,1373210.2300000000,568765.2350000000,569930.6000000000,569871.6050000000,427476.7750000000,427652.0500000000,426537.9850000000,39283.4000000000,39283.4000000000,39283.4000000000,29613.6400000000,29613.6400000000,29613.6400000000,39283.4000000000,39283.4000000000,39283.4000000000,29613.6400000000,29613.6400000000,29613.6400000000,29632.2000000000,29632.2000000000,29632.2000000000,22338.1200000000,22338.1200000000,22338.1200000000,29632.2000000000,29632.2000000000,29632.2000000000,22338.1200000000,22338.1200000000,22338.1200000000,29632.2000000000,29632.2000000000,29632.2000000000,22338.1200000000,22338.1200000000,22338.1200000000
3,0,0,3,1,0,3,2,1,2,1,2,2,0,1,1,3,0,3,2,3,3,3,1,2,3,3,2,3,2,2,2,3,0,1,0,2,3,2,1,0,2,3,2,3,1,0,2
1581485.3750000000,1479877.1750000000,1480900.6100000001,1116542.6499999999,1292479.4199999999,1264815.8950000000,1831165.0400000000,1832379.1399999999,1832313.3049999999,1374478.1950000001,1374300.3550000000,1373143.5400000000,568602.7850000000,569934.8750000000,569841.6800000001,427443.4300000000,427694.8000000000,426330.2200000000,39283.4000000000,39283.4000000000,39283.4000000000,29613.6400000000,29613.6400000000,29613.6400000000,39283.4000000000,39283.4000000000,39283.4000000000,29613.6400000000,29613.6400000000,29613.6400000000,29632.2000000000,29632.2000000000,29632.2000000000,22338.1200000000,22338.1200000000,22338.1200000000,29632.2000000000,29632.2000000000,29632.2000000000,22338.1200000000,22338.1200000000,22338.1200000000,29632.2000000000,29632.2000000000,29632.2000000000,22338.1200000000,22338.1200000000,22338.1200000000
3,0,0,3,1,0,3,2,1,2,1,2,2,0,1,1,3,0,3,2,3,3,3,1,2,3,3,2,3,2,2,2,3,0,1,0,2,3,2,1,0,2,3,2,3,1,0,2
1576402.3999999999,1469031.5000000000,1475727.0049999999,1111914.5349999999,1304109.1299999999,1257688.6150000000,1831095.7849999999,1832361.1850000001,1832370.5900000001,1374463.6599999999,1374333.7000000000,1372966.5549999999,568461.7100000000,569940.0050000000,569828.8550000000,427381.0150000000,427693.9450000000,426172.9000000000,39283.4000000000,39283.4000000000,39283.4000000000,29613.6400000000,29613.6400000000,29613.6400000000,39283.4000000000,39283.4000000000,39283.4000000000,29613.6400000000,29613.6400000000,29613.6400000000,29632.2000000000,29632.2000000000,29632.2000000000,22338.1200000000,22338.1200000000,22338.1200000000,29632.2000000000,29632.2000000000,29632.2000000000,22338.1200000000,22338.1200000000,22338.1200000000,29632.2000000000,29632.2000000000,29632.2000000000,22338.1200000000,22338.1200000000,22338.1200000000
3,0,0,3,1,0,3,2,1,2,1,2,2,0,1,1,3,0,3,2,3,3,3,1,2,3,3,2,3,2,2,2,3,0,1,0,2,3,2,1,0,2,3,2,3,1,0,2
1561409.1200000001,1457748.9199999999,1361411.7949999999,1082435.8450000000,1303968.9099999999,1260711.0400000000,1830926.4950000001,1840399.8950000000,1941733.6399999999,1397820.5500000000,1374333.7000000000,1372901.5750000000,568321.4900000000,569946.8450000000,569839.1150000000,427445.1400000000,427650.3400000000,426001.9000000000,39283.4000000000,39283.4000000000,39283.4000000000,29613.6400000000,29613.6400000000,29613.6400000000,39283.4000000000,39283.4000000000,39283.4000000000,29613.6400000000,29613.6400000000,29613.6400000000,29632.2000000000,29632.2000000000,29632.2000000000,22338.1200000000,22338.1200000000,22338.1200000000,29632.2000000000,29632.2000000000,29632.2000000000,22338.1200000000,22338.1200000000,22338.1200000000,29632.2000000000,29632.2000000000,29632.2000000000,22338.1200000000,22338.1200000000,22338.1200000000
3,0,0,3,1,0,3,2,1,2,1,2,2,0,1,1,3,0,3,2,3,3,3,1,2,3,3,2,3,2,2,2,3,0,1,0,2,3,2,1,0,2,3,2,3,1,0,2
1554206.6000000001,1427793.9950000001,1280952.8750000000,1032627.8199999999,1304010.8049999999,1264716.7150000001,1830842.7050000001,1869357.8899999999,2017399.4299999999,1441988.9950000001,1374337.1200000001,1372807.5249999999,568165.0250000000,569919.4850000000,569852.7950000000,427433.1700000000,427636.6600000000,425841.1600000000,39283.4000000000,39283.4000000000,39283.4000000000,29613.6400000000,29613.6400000000,29613.6400000000,39283.4000000000,39283.4000000000,39283.4000000000,29613.6400000000,29613.6400000000,29613.6400000000,29632.2000000000,29632.2000000000,29632.2000000000,22338.1200000000,22338.1200000000,22338.1200000000,29632.2000000000,29632.2000000000,29632.2000000000,22338.1200000000,22338.1200000000,22338.1200000000,29632.2000000000,29632.2000000000,29632.2000000000,22338.1200000000,22338.1200000000,22338.1200000000
3,0,0,3,1,0,3,2,1,2,1,2,2,0,1,1,3,0,3,2,3,3,3,1,2,3,3,2,3,2,2,2,3,0,1,0,2,3,2,1,0,2,3,2,3,1,0,2
1542125.4500000000,1363580.0750000000,1264073.4650000001,990986.7550000000,1310301.0400000000,1259012.1550000000,1830711.8899999999,1933635.9350000001,2030327.0300000000,1476829.3899999999,1374485.8899999999,1372697.2300000000,568041.9050000000,569926.3250000000,569832.2750000000,427409.2300000000,427693.0900000000,425700.9400000000,39283.4000000000,39283.4000000000,39283.4000000000,29613.6400000000,29613.6400000000,29613.6400000000,39283.4000000000,39283.4000000000,39283.4000000000,29613.6400000000,29613.6400000000,29613.6400000000,29632.2000000000,29632.2000000000,29632.2000000000,22338.1200000000,22338.1200000000,22338.1200000000,29632.2000000000,29632.2000000000,29632.2000000000,22338.1200000000,22338.1200000000,22338.1200000000,29632.2000000000,29632.2000000000,29632.2000000000,22338.1200000000,22338.1200000000,22338.1200000000
3,0,0,3,1,0,3,2,1,2,1,2,2,0,1,1,3,0,3,2,3,3,3,1,2,3,3,2,3,2,2,2,3,0,1,0,2,3,2,1,0,2,3,2,3,1,0,2
1538876.4500000000,1333086.5000000000,1252681.4450000001,968319.8500000000,1267175.6950000001,1284592.0449999999,1830793.1150000000,1960866.8300000001,2037959.6150000000,1494411.6100000001,1379441.4700000000,1372581.8049999999,567916.2200000000,569955.3950000000,569833.1300000000,427430.6050000000,427670.8600000000,425549.6050000000,39283.4000000000,39283.4000000000,39283.4000000000,29613.6400000000,29613.6400000000,29613.6400000000,39283.4000000000,39283.4000000000,39283.4000000000,29613.6400000000,29613.6400000000,29613.6400000000,29632.2000000000,29632.2000000000,29632.2000000000,22338.1200000000,22338.1200000000,22338.1200000000,29632.2000000000,29632.2000000000,29632.2000000000,22338.1200000000,22338.1200000000,22338.1200000000,29632.2000000000,29632.2000000000,29632.2000000000,22338.1200000000,22338.1200000000,22338.1200000000
3,0,0,3,1,0,3,2,1,2,1,2,2,0,1,1,3,0,3,2,3,3,3,1,2,3,3,2,3,2,2,2,3,0,1,0,2,3,2,1,0,2,3,2,3,1,0,2
1529590.2949999999,1309718.4950000001,1241797.2949999999,956381.4850000000,1227645.6250000000,1303919.3200000001,1833620.6000000001,1982057.1499999999,2044679.0600000001,1502322.0700000001,1388713.0900000001,1372463.8149999999,567780.2750000000,569956.2500000000,569825.4350000001,427362.2050000000,427675.9900000000,425419.6450000000,39283.4000000000,39283.4000000000,39283.4000000000,29613.6400000000,29613.6400000000,29613.6400000000,39283.4000000000,39283.4000000000,39283.4000000000,29613.6400000000,29613.6400000000,29613.6400000000,29632.2000000000,29632.2000000000,29632.2000000000,22338.1200000000,22338.1200000000,22338.1200000000,29632.2000000000,29632.2000000000,29632.2000000000,22338.1200000000,22338.1200000000,22338.1200000000,29632.2000000000,29632.2000000000,29632.2000000000,22338.1200000000,22338.1200000000,22338.1200000000
3,0,0,3,1,0,3,2,1,2,1,2,2,0,1,1,3,0,3,2,3,3,3,1,2,3,3,2,3,2,2,2,3,0,1,0,2,3,2,1,0,2,3,2,3,1,0,2
1520830.8200000001,1291436.0300000000,1233747.4700000000,947876.8000000000,1190983.2250000001,1271194.1950000001,1839253.3400000001,1998113.1950000001,2049038.7050000001,1507053.6399999999,1402124.6200000001,1372289.3950000000,567692.2100000000,569879.3000000000,569836.5500000000,427338.2650000000,427716.1750000000,425316.1900000000,39283.4000000000,39283.4000000000,39283.4000000000,29613.6400000000,29613.6400000000,29613.6400000000,39283.4000000000,39283.4000000000,39283.4000000000,29613.6400000000,29613.6400000000,29613.6400000000,29632.2000000000,29632.2000000000,29632.2000000000,22338.1200000000,22338.1200000000,22338.1200000000,29632.2000000000,29632.2000000000,29632.2000000000,22338.1200000000,22338.1200000000,22338.1200000000,29632.2000000000,29632.2000000000,29632.2000000000,22338.1200000000,22338.1200000000,22338.1200000000
3,0,0,3,1,0,3,2,1,2,1,2,2,0,1,1,3,0,3,2,3,3,3,1,2,3,3,2,3,2,2,2,3,0,1,0,2,3,2,1,0,2,3,2,3,1,0,2
1507021.7150000001,1273787.1200000001,1226768.1050000000,941279.6200000000,1169196.9700000000,1223047.4350000001,1851966.3350000000,2011872.7100000000,2052543.3500000001,1512069.9250000000,1413515.7849999999,1372199.6200000001,567508.3850000000,569840.8250000000,569906.6600000000,427341.6850000000,427746.9550000000,425139.2050000000,39283.4000000000,39283.4000000000,39283.4000000000,29613.6400000000,29613.6400000000,29613.6400000000,39283.4000000000,39283.4000000000,39283.4000000000,29613.6400000000,29613.6400000000,29613.6400000000,29632.2000000000,29632.2000000000,29632.2000000000,22338.1200000000,22338.1200000000,22338.1200000000,29632.2000000000,29632.2000000000,29632.2000000000,22338.1200000000,22338.1200000000,22338.1200000000,29632.2000000000,29632.2000000000,29632.2000000000,22338.1200000000,22338.1200000000,22338.1200000000
3,0,0,3,1,0,3,2,1,2,1,2,2,0,1,1,3,0,3,2,3,3,3,1,2,3,3,2,3,2,2,2,3,0,1,0,2,3,2,1,0,2,3,2,3,1,0,2
1487544.8149999999,1261977.8600000001,1221037.0400000000,935233.9150000000,1134769.5400000000,1176572.2000000000,1873610.6599999999,2021277.7100000000,2055119.4650000001,1515627.5800000001,1426817.0200000000,1372055.1250000000,567349.3550000000,569851.9399999999,569863.9100000000,427368.1900000000,427804.2400000000,425008.3900000000,39283.4000000000,39283.4000000000,39283.4000000000,29613.6400000000,29613.6400000000,29613.6400000000,39283.4000000000,39283.4000000000,39283.4000000000,29613.6400000000,29613.6400000000,29613.6400000000,29632.2000000000,29632.2000000000,29632.2000000000,22338.1200000000,22338.1200000000,22338.1200000000,29632.2000000000,29632.2000000000,29632.2000000000,22338.1200000000,22338.1200000000,22338.1200000000,29632.2000000000,29632.2000000000,29632.2000000000,22338.1200000000,22338.1200000000,22338.1200000000
3,0,0,3,1,0,3,2,1,2,1,2,2,0,1,1,3,0,3,2,3,3,3,1,2,3,3,2,3,2,2,2,3,0,1,0,2,3,2,1,0,2,3,2,3,1,0,2
1465207.9399999999,1253609.1200000001,1216547.4350000001,929578.0900000000,1098683.4099999999,1136436.7900000000,1897141.9700000000,2027352.4850000001,2055951.3799999999,1520133.4299999999,1445807.4250000000,1372238.9500000000,567148.4300000001,569875.8800000000,569816.8850000000,427362.2050000000,427836.7300000000,424833.9700000000,39283.4000000000,39283.4000000000,39283.4000000000,29613.6400000000,29613.6400000000,29613.6400000000,39283.4000000000,39283.4000000000,39283.4000000000,29613.6400000000,29613.6400000000,29613.6400000000,29632.2000000000,29632.2000000000,29632.2000000000,22338.1200000000,22338.1200000000,22338.1200000000,29632.2000000000,29632.2000000000,29632.2000000000,22338.1200000000,22338.1200000000,22338.1200000000,29632.2000000000,29632.2000000000,29632.2000000000,22338.1200000000,22338.1200000000,22338.1200000000
3,0,0,3,1,0,3,2,1,2,1,2,2,0,1,1,3,0,3,2,3,3,3,1,2,3,3,2,3,2,2,2,3,0,1,0,2,3,2,1,0,2,3,2,3,1,0,2
1446712.5800000001,1243021.6550000000,1212411.8000000000,924634.4800000000,1075005.8950000000,1132955.2300000000,1915904.9450000001,2035081.6850000001,2056213.8650000000,1522959.2050000001,1456891.6450000000,1375132.2700000000,566993.6750000000,569828.0000000000,569852.7950000000,427410.9400000000,427810.2250000000,424733.9350000000,39283.4000000000,39283.4000000000,39283.4000000000,29613.6400000000,29613.6400000000,29613.6400000000,39283.4000000000,39283.4000000000,39283.4000000000,29613.6400000000,29613.6400000000,29613.6400000000,29632.2000000000,29632.2000000000,29632.2000000000,22338.1200000000,22338.1200000000,22338.1200000000,29632.2000000000,29632.2000000000,29632.2000000000,22338.1200000000,22338.1200000000,22338.1200000000,29632.2000000000,29632.2000000000,29632.2000000000,22338.1200000000,22338.1200000000,22338.1200000000
3,0,0,3,1,0,3,2,1,2,1,2,2,0,1,1,3,0,3,2,3,3,3,1,2,3,3,2,3,2,2,2,3,0,1,0,2,3,2,1,0,2,3,2,3,1,0,2
1420294.7900000000,1237016.1350000000,1209043.1000000001,919976.4399999999,1043417.9200000000,1119598.4199999999,1943028.9650000001,2039272.0400000000,2001946.1599999999,1517824.0750000000,1471164.1599999999,1382486.1250000000,566780.7800000000,570034.9100000000,623894.7800000000,434749.4050000000,427841.8600000000,424662.9700000000,39283.4000000000,39283.4000000000,39283.4000000000,29613.6400000000,29613.6400000000,29613.6400000000,39283.4000000000,39283.4000000000,39283.4000000000,29613.6400000000,29613.6400000000,29613.6400000000,29632.2000000000,29632.2000000000,29632.2000000000,22338.1200000000,22338.1200000000,22338.1200000000,29632.2000000000,29632.2000000000,29632.2000000000,22338.1200000000,22338.1200000000,22338.1200000000,29632.2000000000,29632.2000000000,29632.2000000000,22338.1200000000,22338.1200000000,22338.1200000000
3,0,0,3,1,0,3,2,1,2,1,2,2,0,1,1,3,0,3,2,3,3,3,1,2,3,3,2,3,2,2,2,3,0,1,0,2,3,2,1,0,2,3,2,3,1,0,2
1389206.9900000000,1230465.1250000000,1206258.3650000000,915938.2750000000,1029594.2800000000,1096234.6899999999,1973593.5049999999,2018742.6350000000,1925256.0800000001,1488884.0349999999,1479097.7050000001,1389366.3100000001,566529.4100000000,594277.5800000000,700220.6300000000,466133.8900000000,427886.3200000000,424614.2350000000,39283.4000000000,39283.4000000000,39283.4000000000,29613.6400000000,29613.6400000000,29613.6400000000,39283.4000000000,39283.4000000000,39283.4000000000,29613.6400000000,29613.6400000000,29613.6400000000,29632.2000000000,29632.2000000000,29632.2000000000,22338.1200000000,22338.1200000000,22338.1200000000,29632.2000000000,29632.2000000000,29632.2000000000,22338.1200000000,22338.1200000000,22338.1200000000,29632.2000000000,29632.2000000000,29632.2000000000,22338.1200000000,22338.1200000000,22338.1200000000
3,0,0,3,1,0,3,2,1,2,1,2,2,0,1,1,3,0,3,2,3,3,3,1,2,3,3,2,3,2,2,2,3,0,1,0,2,3,2,1,0,2,3,2,3,1,0,2
1363467.2150000001,1225814.7800000000,1204230.3049999999,912679.8700000000,1012385.6949999999,1079177.4399999999,1997844.7250000001,1982556.4700000000,1909940.4650000001,1464213.8650000000,1485517.8999999999,1399667.3500000001,566132.6899999999,633913.6700000000,714550.4300000001,492010.4650000000,429091.8700000000,424673.2300000000,39283.4000000000,39283.4000000000,39283.4000000000,29613.6400000000,29613.6400000000,29613.6400000000,39283.4000000000,39283.4000000000,39283.4000000000,29613.6400000000,29613.6400000000,29613.6400000000,29632.2000000000,29632.2000000000,29632.2000000000,22338.1200000000,22338.1200000000,22338.1200000000,29632.2000000000,29632.2000000000,29632.2000000000,22338.1200000000,22338.1200000000,22338.1200000000,29632.2000000000,29632.2000000000,29632.2000000000,22338.1200000000,22338.1200000000,22338.1200000000
3,0,0,3,1,0,3,2,1,2,1,2,2,0,1,1,3,0,3,2,3,3,3,1,2,3,3,2,3,2,2,2,3,0,1,0,2,3,2,1,0,2,3,2,3,1,0,2
1337052.8450000000,1220592.4399999999,1202480.9750000001,910674.0400000000,998863.0150000000,1056896.9950000001,2017618.3100000001,1952959.7900000000,1912726.9099999999,1453743.5349999999,1487188.5700000001,1408222.4800000000,566022.3950000000,666462.6650000000,709252.8500000000,503994.1450000000,435659.9800000000,424774.9750000000,39283.4000000000,39283.4000000000,39283.4000000000,29613.6400000000,29613.6400000000,29613.6400000000,39283.4000000000,39283.4000000000,39283.4000000000,29613.6400000000,29613.6400000000,29613.6400000000,29632.2000000000,29632.2000000000,29632.2000000000,22338.1200000000,22338.1200000000,22338.1200000000,29632.2000000000,29632.2000000000,29632.2000000000,22338.1200000000,22338.1200000000,22338.1200000000,29632.2000000000,29632.2000000000,29632.2000000000,22338.1200000000,22338.1200000000,22338.1200000000
3,0,0,3,1,0,3,2,1,2,1,2,2,0,1,1,3,0,3,2,3,3,3,1,2,3,3,2,3,2,2,2,3,0,1,0,2,3,2,1,0,2,3,2,3,1,0,2
1317416.9150000000,1217155.3400000001,1201341.2600000000,907979.9350000001,985902.9250000000,1040928.1600000000,2029715.7050000001,1942212.4399999999,1927419.2300000000,1458758.1100000001,1485337.4950000001,1418542.3300000001,567186.9050000000,682927.4000000000,683315.5699999999,504795.2800000000,444530.6050000000,424931.4400000000,39283.4000000000,39283.4000000000,39283.4000000000,29613.6400000000,29613.6400000000,29613.6400000000,39283.4000000000,39283.4000000000,39283.4000000000,29613.6400000000,29613.6400000000,29613.6400000000,29632.2000000000,29632.2000000000,29632.2000000000,22338.1200000000,22338.1200000000,22338.1200000000,29632.2000000000,29632.2000000000,29632.2000000000,22338.1200000000,22338.1200000000,22338.1200000000,29632.2000000000,29632.2000000000,29632.2000000000,22338.1200000000,22338.1200000000,22338.1200000000
3,0,0,3,1,0,3,2,1,2,1,2,2,0,1,1,3,0,3,2,3,3,3,1,2,3,3,2,3,2,2,2,3,0,1,0,2,3,2,1,0,2,3,2,3,1,0,2
1303535.1350000000,1213783.2200000000,1199895.4550000001,906730.7800000000,974309.9800000000,1022628.5950000000,2037145.6550000000,1950859.9099999999,1940054.4199999999,1477580.9350000001,1483255.5700000001,1427131.6599999999,570468.3950000000,688072.7900000000,646257.3050000001,494759.2900000000,453847.5400000000,425544.4750000000,39283.4000000000,39283.4000000000,39283.4000000000,29613.6400000000,29613.6400000000,29613.6400000000,39283.4000000000,39283.4000000000,39283.4000000000,29613.6400000000,29613.6400000000,29613.6400000000,29632.2000000000,29632.2000000000,29632.2000000000,22338.1200000000,22338.1200000000,22338.1200000000,29632.2000000000,29632.2000000000,29632.2000000000,22338.1200000000,22338.1200000000,22338.1200000000,29632.2000000000,29632.2000000000,29632.2000000000,22338.1200000000,22338.1200000000,22338.1200000000
3,0,0,3,1,0,3,2,1,2,1,2,2,0,1,1,3,0,3,2,3,3,3,1,2,3,3,2,3,2,2,2,3,0,1,0,2,3,2,1,0,2,3,2,3,1,0,2
1291726.7300000000,1210981.3850000000,1199318.3300000001,904898.5150000000,963859.3149999999,1011141.6700000000,2040391.2350000001,1970632.6399999999,1949919.4099999999,1500044.3500000001,1491685.0149999999,1431707.6200000001,575223.9050000000,684599.7800000000,603750.1250000000,477235.2100000000,460409.6650000000,427585.3600000000,39283.4000000000,39283.4000000000,39283.4000000000,29613.6400000000,29613.6400000000,29613.6400000000,39283.4000000000,39283.4000000000,39283.4000000000,29613.6400000000,29613.6400000000,29613.6400000000,29632.2000000000,29632.2000000000,29632.2000000000,22338.1200000000,22338.1200000000,22338.1200000000,29632.2000000000,29632.2000000000,29632.2000000000,22338.1200000000,22338.1200000000,22338.1200000000,29632.2000000000,29632.2000000000,29632.2000000000,22338.1200000000,22338.1200000000,22338.1200000000
3,0,0,3,1,0,3,2,1,2,1,2,2,0,1,1,3,0,3,2,3,3,3,1,2,3,3,2,3,2,2,2,3,0,1,0,2,3,2,1,0,2,3,2,3,1,0,2
1283552.9299999999,1209654.4250000000,1198359.8750000000,903423.6400000000,953357.3500000000,997040.1550000000,2040724.6850000001,2000157.5000000000,1958412.9800000000,1512016.0600000001,1515733.6000000001,1435217.3950000000,582033.9800000000,670860.7850000000,564945.0950000000,450922.5850000000,465771.3700000000,432006.5650000000,39283.4000000000,39283.4000000000,39283.4000000000,29613.6400000000,29613.6400000000,29613.6400000000,39283.4000000000,39283.4000000000,39283.4000000000,29613.6400000000,29613.6400000000,29613.6400000000,29632.2000000000,29632.2000000000,29632.2000000000,22338.1200000000,22338.1200000000,22338.1200000000,29632.2000000000,29632.2000000000,29632.2000000000,22338.1200000000,22338.1200000000,22338.1200000000,29632.2000000000,29632.2000000000,29632.2000000000,22338.1200000000,22338.1200000000,22338.1200000000
3,0,0,3,1,0,3,2,1,2,1,2,2,0,1,1,3,0,3,2,3,3,3,1,2,3,3,2,3,2,2,2,3,0,1,0,2,3,2,1,0,2,3,2,3,1,0,2
1274914.0100000000,1207015.0400000000,1197244.1000000001,902926.0300000000,943642.8400000000,988425.1750000000,2043717.1850000001,2034914.9600000000,1963289.0449999999,1522063.1650000000,1550808.2649999999,1436328.8950000000,589893.1400000000,645566.4650000000,531906.1850000001,418178.6500000000,468445.8100000000,438064.2400000000,39283.4000000000,39283.4000000000,39283.4000000000,29613.6400000000,29613.6400000000,29613.6400000000,39283.4000000000,39283.4000000000,39283.4000000000,29613.6400000000,29613.6400000000,29613.6400000000,29632.2000000000,29632.2000000000,29632.2000000000,22338.1200000000,22338.1200000000,22338.1200000000,29632.2000000000,29632.2000000000,29632.2000000000,22338.1200000000,22338.1200000000,22338.1200000000,29632.2000000000,29632.2000000000,29632.2000000000,22338.1200000000,22338.1200000000,22338.1200000000
3,1,2,0,3,1,1,3,0,2,2,0,3,2,1,0,0,1,3,2,3,3,2,3,2,3,3,2,3,2,2,2,3,0,1,0,2,3,2,1,0,1,3,2,3,0,0,2
1268244.1550000000,1206850.8799999999,1196955.9650000001,901192.9449999999,935543.4250000000,977844.5500000000,2068566.9050000000,2052599.7800000000,1966405.5200000000,1527384.6850000001,1589977.5249999999,1438342.4199999999,601268.9150000000,609234.9500000000,501721.2650000000,387579.0550000000,461730.6400000000,444905.9500000000,39283.4000000000,39283.4000000000,41591.0450000000,29651.2600000000,29613.6400000000,29613.6400000000,39283.4000000000,39283.4000000000,39283.4000000000,29613.6400000000,29613.6400000000,29613.6400000000,29632.2000000000,29632.2000000000,29632.2000000000,22338.1200000000,22338.1200000000,22338.1200000000,29632.2000000000,29632.2000000000,29632.2000000000,22338.1200000000,22338.1200000000,22338.1200000000,29632.2000000000,29632.2000000000,29632.2000000000,22338.1200000000,22338.1200000000,22338.1200000000
3,1,2,0,3,1,1,3,0,2,2,0,3,2,1,0,0,1,3,2,3,3,2,3,2,3,3,2,3,2,2,2,3,0,1,0,2,3,2,1,0,1,3,2,3,0,0,2
1262414.7649999999,1204377.3650000000,1196220.6650000000,901295.5450000000,929005.2400000000,968989.3149999999,2113513.3999999999,2053717.2649999999,1967609.3600000001,1526797.3000000000,1629941.0800000001,1450744.1950000001,618774.1850000001,557746.8500000000,421572.7100000000,351266.3500000000,441944.2300000000,452971.1650000000,39283.4000000000,41302.9100000000,99158.1950000000,40393.4800000000,29648.6950000000,29613.6400000000,39283.4000000000,39283.4000000000,39283.4000000000,29613.6400000000,29613.6400000000,29613.6400000000,29632.2000000000,29632.2000000000,29632.2000000000,22338.1200000000,22338.1200000000,22338.1200000000,29632.2000000000,29632.2000000000,29632.2000000000,22338.1200000000,22338.1200000000,22338.1200000000,29632.2000000000,29632.2000000000,29632.2000000000,22338.1200000000,22338.1200000000,22338.1200000000
3,1,2,0,3,1,1,3,0,2,2,0,3,2,1,0,0,1,3,2,3,3,2,3,2,3,3,2,3,2,2,2,3,0,1,0,2,3,2,1,0,1,3,2,3,0,0,2
1256487.0500000000,1204845.0500000000,1195611.9050000000,899496.6250000000,923323.7650000000,962245.0750000000,2165791.5200000000,2051558.3899999999,1969024.3850000000,1524673.4800000000,1631376.6250000000,1502599.9450000001,626709.4399999999,490252.2950000000,366704.7950000000,309627.8500000000,405151.8700000000,467840.4700000000,39283.4000000000,61386.0050000000,136085.6450000000,61937.7700000000,29816.2750000000,29613.6400000000,39283.4000000000,39283.4000000000,39283.4000000000,29613.6400000000,29613.6400000000,29613.6400000000,29632.2000000000,29632.2000000000,29632.2000000000,22338.1200000000,22338.1200000000,22338.1200000000,29632.2000000000,29632.2000000000,29632.2000000000,22338.1200000000,22338.1200000000,22338.1200000000,29632.2000000000,29632.2000000000,29632.2000000000,22338.1200000000,22338.1200000000,22338.1200000000
3,1,2,0,3,1,1,3,0,2,2,0,3,2,1,0,0,1,3,2,3,3,2,3,2,3,3,2,3,2,2,2,3,0,1,0,2,3,2,1,0,1,3,2,3,0,0,2
1251831.5750000000,1204568.0300000000,1220368.4299999999,907596.0400000000,918564.8350000000,953776.3000000000,2231133.1850000001,2042009.7500000000,1938393.1550000000,1509881.1250000000,1612546.1050000000,1584558.5349999999,617163.3650000000,423746.9750000000,337759.6250000000,281221.3300000000,361480.1800000000,474575.3050000000,41388.4100000000,89760.8900000000,151848.4250000000,76519.7950000000,34169.9350000000,29613.6400000000,39283.4000000000,39283.4000000000,39283.4000000000,29613.6400000000,29613.6400000000,29613.6400000000,29632.2000000000,29632.2000000000,29632.2000000000,22338.1200000000,22338.1200000000,22338.1200000000,29632.2000000000,29632.2000000000,29632.2000000000,22338.1200000000,22338.1200000000,22338.1200000000,29632.2000000000,29632.2000000000,29632.2000000000,22338.1200000000,22338.1200000000,22338.1200000000
3,1,2,0,3,1,1,3,0,2,2,0,3,2,1,0,0,1,3,2,3,3,2,3,2,3,3,2,3,2,2,2,3,0,1,0,2,3,2,1,0,1,3,2,3,0,0,2
1246362.9950000001,1217270.7649999999,1242832.7000000000,926168.3500000000,914532.6550000000,948817.3000000000,2309706.8300000001,2012303.6299999999,1908197.1200000001,1486130.0800000001,1606980.9099999999,1650549.1450000000,587838.5750000000,375805.4150000000,322219.1450000000,260486.7250000000,324850.2700000000,464031.4450000000,47629.9100000000,108973.5950000000,159659.7050000000,87641.6350000000,40270.3600000000,29663.2300000000,39283.4000000000,39283.4000000000,39283.4000000000,29613.6400000000,29613.6400000000,29613.6400000000,29632.2000000000,29632.2000000000,29632.2000000000,22338.1200000000,22338.1200000000,22338.1200000000,29632.2000000000,29632.2000000000,29632.2000000000,22338.1200000000,22338.1200000000,22338.1200000000,29632.2000000000,29632.2000000000,29632.2000000000,22338.1200000000,22338.1200000000,22338.1200000000
3,1,2,0,3,1,1,3,0,2,2,0,3,2,1,0,0,1,3,2,3,3,2,3,2,3,3,2,3,2,2,2,3,0,1,0,2,3,2,1,0,1,3,2,3,0,0,2
1242319.7000000000,1238284.1000000001,1261752.9950000001,948566.7850000000,922711.5850000000,941554.9300000001,2383879.7900000000,1979876.8999999999,1876913.5249999999,1458478.5249999999,1579850.0500000000,1725028.1950000001,544432.7900000000,341938.8650000000,317520.0650000000,248682.5950000000,296304.3850000000,441362.8300000000,57172.5650000000,123588.1100000000,160125.6800000000,94980.1000000000,46533.2350000000,30379.7200000000,39283.4000000000,39283.4000000000,39283.4000000000,29613.6400000000,29613.6400000000,29613.6400000000,29632.2000000000,29632.2000000000,29632.2000000000,22338.1200000000,22338.1200000000,22338.1200000000,29632.2000000000,29632.2000000000,29632.2000000000,22338.1200000000,22338.1200000000,22338.1200000000,29632.2000000000,29632.2000000000,29632.2000000000,22338.1200000000,22338.1200000000,22338.1200000000
3,1,2,0,3,1,1,3,0,2,2,0,3,2,1,0,0,1,3,2,3,3,2,3,2,3,3,2,3,2,2,2,3,0,1,0,2,3,2,1,0,1,3,2,3,0,0,2
1240992.7400000000,1269207.7400000000,1277772.2749999999,964519.3750000000,945661.4950000000,936520.6899999999,2447124.9950000001,1938821.5100000000,1847914.4900000000,1433061.0850000000,1542544.6899999999,1795585.3600000001,491956.3100000000,326153.8550000000,316476.9650000000,244234.8850000000,276068.2450000000,399608.0500000000,64806.8600000000,129544.8950000000,158891.9150000000,97556.2150000000,53565.6100000000,32922.4900000000,39283.4000000000,39283.4000000000,39283.4000000000,29613.6400000000,29613.6400000000,29613.6400000000,29632.2000000000,29632.2000000000,29632.2000000000,22338.1200000000,22338.1200000000,22338.1200000000,29632.2000000000,29632.2000000000,29632.2000000000,22338.1200000000,22338.1200000000,22338.1200000000,29632.2000000000,29632.2000000000,29632.2000000000,22338.1200000000,22338.1200000000,22338.1200000000
3,1,2,0,3,1,1,3,0,2,2,0,3,2,1,0,0,1,3,2,3,3,2,3,2,3,3,2,3,2,2,2,3,0,1,0,2,3,2,1,0,1,3,2,3,0,0,2
1254205.0549999999,1295695.6399999999,1289938.0700000001,976539.8199999999,967205.7850000000,933084.4449999999,2470444.2650000001,1905194.3600000001,1823161.3850000000,1408964.6200000001,1504152.6250000000,1769114.5600000001,427501.2800000000,318582.8300000000,315904.1150000000,242615.5150000000,263479.2250000000,342223.0150000000,72575.3900000000,131841.4250000000,157282.8050000000,97624.6150000000,59714.7700000000,36994.8550000000,39283.4000000000,39283.4000000000,39283.4000000000,29613.6400000000,29613.6400000000,29613.6400000000,29632.2000000000,29632.2000000000,29632.2000000000,22338.1200000000,22338.1200000000,22338.1200000000,29632.2000000000,29632.2000000000,29632.2000000000,22338.1200000000,22338.1200000000,22338.1200000000,29632.2000000000,29632.2000000000,29632.2000000000,22338.1200000000,22338.1200000000,22338.1200000000
3,1,2,0,3,1,1,3,0,2,2,0,3,2,1,0,0,1,3,2,3,3,2,3,2,3,3,2,3,2,2,2,3,0,1,0,2,3,2,1,0,1,3,2,3,0,0,2
1272964.6100000001,1311059.1350000000,1299097.6850000001,986889.5950000000,988526.0649999999,937993.0000000000,2294805.8900000001,1875430.1000000001,1804899.4399999999,1389414.1899999999,1466182.0750000000,1687253.4399999999,378929.5850000000,315573.2300000000,315535.6100000000,242079.4300000000,256582.7950000000,297219.2350000000,80241.3200000000,131996.1800000000,155522.3600000000,97130.4250000000,64136.8300000000,41443.4200000000,39283.4000000000,39283.4000000000,39283.4000000000,29613.6400000000,29613.6400000000,29613.6400000000,29632.2000000000,29632.2000000000,29632.2000000000,22338.1200000000,22338.1200000000,22338.1200000000,29632.2000000000,29632.2000000000,29632.2000000000,22338.1200000000,22338.1200000000,22338.1200000000,29632.2000000000,29632.2000000000,29632.2000000000,22338.1200000000,22338.1200000000,22338.1200000000
3,1,2,0,3,1,1,3,0,2,2,0,3,2,1,0,0,1,3,2,3,3,2,3,2,3,3,2,3,2,2,2,3,0,1,0,2,3,2,1,0,1,3,2,3,0,0,2
1296603.6499999999,1328124.9350000001,1309003.7150000001,993067.8250000000,1003242.3250000000,956973.1450000000,2195783.2100000000,1851057.4700000000,1789307.6599999999,1372888.7500000000,1436867.5449999999,1619990.5900000001,351963.7400000000,314363.4050000000,315659.5850000000,241403.1250000000,251946.9850000000,277106.2150000000,87590.9000000000,131031.7400000000,153608.8700000000,96785.8600000000,67264.4200000000,45852.6550000000,39283.4000000000,39283.4000000000,39283.4000000000,29613.6400000000,29613.6400000000,29613.6400000000,29632.2000000000,29632.2000000000,29632.2000000000,22338.1200000000,22338.1200000000,22338.1200000000,29632.2000000000,29632.2000000000,29632.2000000000,22338.1200000000,22338.1200000000,22338.1200000000,29632.2000000000,29632.2000000000,29632.2000000000,22338.1200000000,22338.1200000000,22338.1200000000
3,1,2,0,3,1,1,3,0,2,2,0,3,2,1,0,0,1,3,2,3,3,2,3,2,3,3,2,3,2,2,2,3,0,1,0,2,3,2,1,0,1,3,2,3,0,0,2
1325907.0649999999,1335884.0600000001,1313723.3149999999,1002550.6300000000,1013457.8650000000,982122.1150000000,2113381.7300000000,1829095.9399999999,1779538.4299999999,1358994.1450000000,1412628.2949999999,1557136.9750000001,335926.5050000000,314012.8550000000,315971.6600000000,241210.7500000000,250754.2600000000,264477.0100000000,93718.6850000000,129780.8750000000,142237.3700000000,96185.6500000000,68778.6250000000,50001.1150000000,39283.4000000000,39290.2400000000,48768.7700000000,29719.6600000000,29635.8700000000,29613.6400000000,29632.2000000000,29632.2000000000,29632.2000000000,22338.1200000000,22338.1200000000,22338.1200000000,29632.2000000000,29632.2000000000,29632.2000000000,22338.1200000000,22338.1200000000,22338.1200000000,29632.2000000000,29632.2000000000,29632.2000000000,22338.1200000000,22338.1200000000,22338.1200000000
3,1,2,0,3,1,1,3,0,2,2,0,3,2,1,0,0,1,3,2,3,3,2,3,2,3,3,2,3,2,2,2,3,0,1,0,2,3,2,1,0,1,3,2,3,0,0,2
1347199.1299999999,1341022.6100000001,1311138.6499999999,999794.1100000000,1019033.3199999999,1002815.6800000001,2060499.1250000000,1813458.8450000000,1779231.4850000001,1351657.3899999999,1395110.2000000000,1504209.0549999999,324909.8300000000,314214.6350000000,316499.1950000000,240920.0500000000,248441.4850000000,255899.6500000000,98862.3650000000,121032.5150000000,97348.1600000000,80234.7700000000,70022.6500000000,53695.5700000000,39283.4000000000,46651.7900000000,91965.0800000000,45127.6150000000,29670.9250000000,29613.6400000000,29632.2000000000,29632.2000000000,29632.2000000000,22338.1200000000,22338.1200000000,22338.1200000000,29632.2000000000,29632.2000000000,29632.2000000000,22338.1200000000,22338.1200000000,22338.1200000000,29632.2000000000,29632.2000000000,29632.2000000000,22338.1200000000,22338.1200000000,22338.1200000000
3,1,2,0,3,1,1,3,0,2,2,0,3,2,1,0,0,1,3,2,3,3,2,3,2,3,3,2,3,2,2,2,3,0,1,0,2,3,2,1,0,1,3,2,3,0,0,2
1364451.3200000001,1333726.8950000000,1306123.2200000000,997600.1800000001,1020364.5550000001,1015186.6750000000,2007110.3600000001,1807209.6499999999,1779988.1599999999,1348162.1499999999,1383536.9199999999,1464490.0300000000,318047.6000000000,314321.5100000000,317524.3400000000,240954.2500000000,247501.8400000000,250763.6650000000,102903.9500000000,103422.9350000000,76089.4400000000,65597.1700000000,68051.8750000000,56695.7650000000,39504.8450000000,62984.8550000000,111421.4600000000,59238.5350000000,32046.1150000000,29615.3500000000,29632.2000000000,29632.2000000000,29632.2000000000,22338.1200000000,22338.1200000000,22338.1200000000,29632.2000000000,29632.2000000000,29632.2000000000,22338.1200000000,22338.1200000000,22338.1200000000,29632.2000000000,29632.2000000000,29632.2000000000,22338.1200000000,22338.1200000000,22338.1200000000
3,1,2,0,3,1,1,3,0,2,2,0,3,2,1,0,0,1,3,2,3,3,2,3,2,3,3,2,3,2,2,2,3,0,1,0,2,3,2,1,0,1,3,2,3,0,0,2
1370534.6450000000,1326620.1350000000,1298459.8550000000,987462.4449999999,1011298.1350000000,1026558.1750000000,1974377.5400000000,1804990.9250000000,1784246.0600000001,1349526.7300000000,1383242.8000000000,1435056.6550000000,313979.5100000000,314920.0100000000,319094.1200000000,241273.1650000000,245879.9050000000,247253.8900000000,102795.3650000000,81976.1150000000,57704.3750000000,54571.9450000000,63877.7650000000,58376.6950000000,42962.4650000000,83064.5300000000,127846.0100000000,69546.4150000000,36849.5050000000,29627.3200000000,29632.2000000000,29632.2000000000,29632.2000000000,22338.1200000000,22338.1200000000,22338.1200000000,29632.2000000000,29632.2000000000,29632.2000000000,22338.1200000000,22338.1200000000,22338.1200000000,29632.2000000000,29632.2000000000,29632.2000000000,22338.1200000000,22338.1200000000,22338.1200000000
3,1,2,0,3,1,1,3,0,2,2,0,3,2,1,0,0,1,3,2,3,3,2,3,2,3,3,2,3,2,2,2,3,0,1,0,2,3,2,1,0,1,3,2,3,0,0,2
1367841.3950000000,1310847.0950000000,1288470.8899999999,979932.4600000000,998553.5050000000,1032992.0500000000,1957362.1850000001,1810530.4700000000,1790976.6200000001,1351341.0400000000,1382680.2100000000,1415024.0049999999,312178.0250000000,316105.8950000000,320718.6200000000,242081.1400000000,244579.4500000000,245429.3200000000,94857.5450000000,66018.3950000000,48867.0950000000,44688.1450000000,58725.5350000000,59347.1200000000,52202.4500000000,97473.8450000000,134516.7200000000,78754.7650000000,42086.3800000000,30019.7650000000,29632.2000000000,29632.2000000000,29632.2000000000,22338.1200000000,22338.1200000000,22338.1200000000,29632.2000000000,29632.2000000000,29632.2000000000,22338.1200000000,22338.1200000000,22338.1200000000,29632.2000000000,29632.2000000000,29632.2000000000,22338.1200000000,22338.1200000000,22338.1200000000
3,1,2,0,3,1,1,3,0,2,2,0,3,2,1,0,0,1,3,2,3,3,2,3,2,3,3,2,3,2,2,2,3,0,1,0,2,3,2,1,0,1,3,2,3,0,0,2
1363115.8100000001,1299693.6200000001,1279855.9099999999,971496.1750000000,986869.9300000001,1029490.8250000000,1944622.6850000001,1810022.6000000001,1795811.6450000000,1354008.6399999999,1385205.8799999999,1409538.3250000000,311688.1100000000,317546.5700000000,323098.0850000000,243098.5900000000,243774.0400000000,243677.4250000000,90018.2450000000,54121.9250000000,46553.4650000000,38879.2750000000,52574.6650000000,57351.5500000000,57570.9950000000,107984.3600000000,134806.5650000000,83806.1050000000,48112.4200000000,32062.3600000000,29632.2000000000,29632.2000000000,29632.2000000000,22338.1200000000,22338.1200000000,22338.1200000000,29632.2000000000,29632.2000000000,29632.2000000000,22338.1200000000,22338.1200000000,22338.1200000000,29632.2000000000,29632.2000000000,29632.2000000000,22338.1200000000,22338.1200000000,22338.1200000000
3,1,2,0,3,1,1,3,0,2,2,0,3,2,1,0,0,1,3,2,3,3,2,3,2,3,3,2,3,2,2,2,3,0,1,0,2,3,2,1,0,1,3,2,3,0,0,2
1356656.2849999999,1287731.3149999999,1272355.8500000001,963313.8250000000,977712.0250000000,1025676.6700000000,1938279.4399999999,1813821.3650000000,1799088.8600000001,1354914.9399999999,1380619.6599999999,1406935.7050000001,311625.6950000000,319451.5100000000,326006.7950000000,244322.9500000000,243146.4700000000,242671.0900000000,81572.5550000000,47542.7000000000,45378.6950000000,37259.0500000000,46305.8050000000,53739.1750000000,65371.1600000000,113076.7400000000,134059.2950000000,84478.1350000000,54663.4300000000,35618.3050000000,29632.2000000000,29632.2000000000,29632.2000000000,22338.1200000000,22338.1200000000,22338.1200000000,29632.2000000000,29632.2000000000,29632.2000000000,22338.1200000000,22338.1200000000,22338.1200000000,29632.2000000000,29632.2000000000,29632.2000000000,22338.1200000000,22338.1200000000,22338.1200000000
3,1,2,0,3,1,1,3,0,2,2,0,3,2,1,0,0,1,3,2,3,3,2,3,2,3,3,2,3,2,2,2,3,0,1,0,2,3,2,1,0,1,3,2,3,0,0,2
1350522.5149999999,1276310.2250000001,1263859.7150000001,956733.7450000000,967493.0649999999,1016501.6650000000,1931811.3650000000,1813035.6200000001,1801717.9850000001,1357055.8600000001,1379442.3250000000,1408643.1399999999,311909.5550000000,321661.6850000000,329336.1650000000,246289.4500000000,242980.6000000000,242028.1300000000,68907.4400000000,45070.8950000000,44548.4900000000,36306.5800000000,41016.7750000000,50219.9950000000,77744.7200000000,114016.3850000000,133011.9200000000,84397.7650000000,59707.0750000000,38997.2650000000,29632.2000000000,29632.2000000000,29632.2000000000,22338.1200000000,22338.1200000000,22338.1200000000,29632.2000000000,29632.2000000000,29632.2000000000,22338.1200000000,22338.1200000000,22338.1200000000,29632.2000000000,29632.2000000000,29632.2000000000,22338.1200000000,22338.1200000000,22338.1200000000
3,1,2,0,3,1,1,3,0,2,2,0,3,2,1,0,0,1,3,2,3,3,2,3,2,3,3,2,3,2,2,2,3,0,1,0,2,3,2,1,0,1,3,2,3,0,0,2
1333614.8899999999,1267044.5900000001,1256937.6350000000,948059.7700000000,959903.2300000000,1009460.7400000000,1928633.3300000001,1814654.9900000000,1803382.6699999999,1357384.1799999999,1374876.6250000000,1409906.8300000001,312422.5550000000,324552.4400000000,333196.4900000000,248572.3000000000,243252.4900000000,241128.6700000000,58499.5250000000,43667.8400000000,43819.1750000000,35396.0050000000,38006.3200000000,46401.5650000000,87689.2250000000,113953.1150000000,131895.2900000000,84269.5150000000,62394.3400000000,43403.0800000000,29632.2000000000,29632.2000000000,29632.2000000000,22338.1200000000,22338.1200000000,22338.1200000000,29632.2000000000,29632.2000000000,29632.2000000000,22338.1200000000,22338.1200000000,22338.1200000000,29632.2000000000,29632.2000000000,29632.2000000000,22338.1200000000,22338.1200000000,22338.1200000000
3,1,2,0,3,1,1,3,0,2,2,0,3,2,1,0,0,1,3,2,3,3,2,3,2,3,3,2,3,2,2,2,3,0,1,0,2,3,2,1,0,1,3,2,3,0,0,2
1327216.9250000000,1257225.7700000000,1249416.2000000000,942929.7700000000,953913.1000000000,993308.9350000001,1923141.6650000000,1812872.3149999999,1803274.9399999999,1356687.3550000000,1371546.3999999999,1411029.4450000001,313139.9000000000,327818.5400000000,338150.3600000000,251703.3100000000,243978.3850000000,240749.0500000000,50791.7000000000,42701.6900000000,43133.4650000000,34635.9100000000,36629.7700000000,41708.4700000000,95318.3900000000,113345.2100000000,130625.6150000000,83939.4850000000,63304.9150000000,48011.5300000000,29632.2000000000,29636.4750000000,29719.4100000000,22403.1000000000,22350.0900000000,22338.1200000000,29632.2000000000,29632.2000000000,29632.2000000000,22338.1200000000,22338.1200000000,22338.1200000000,29632.2000000000,29632.2000000000,29632.2000000000,22338.1200000000,22338.1200000000,22338.1200000000
3,1,2,0,3,1,1,3,0,2,2,0,3,2,1,0,0,1,3,2,3,3,2,3,2,3,3,2,3,2,2,2,3,0,1,0,2,3,2,1,0,1,3,2,3,0,0,2
1316141.2549999999,1251935.0300000000,1244618.7949999999,936182.1100000000,949156.7350000000,988027.6000000000,1918117.6850000001,1809267.6350000000,1800354.2600000000,1354272.8350000000,1368039.1899999999,1409000.5300000000,314049.6200000000,332040.5300000000,344392.7150000000,255429.4000000000,245197.6150000000,240133.4500000000,45505.2350000000,42104.0450000000,42488.7950000000,33788.6050000000,35618.3050000000,38057.6200000000,100079.0300000000,109724.2850000000,108636.7250000000,79245.5350000000,63464.8000000000,51611.0800000000,29632.2000000000,32307.4950000000,50475.3900000000,27045.7500000000,22391.9850000000,22338.1200000000,29632.2000000000,29632.2000000000,29632.2000000000,22338.1200000000,22338.1200000000,22338.1200000000,29632.2000000000,29632.2000000000,29632.2000000000,22338.1200000000,22338.1200000000,22338.1200000000
3,1,2,0,3,1,1,3,0,2,2,0,3,2,1,0,0,1,3,2,3,3,2,3,2,3,3,2,3,2,2,2,3,0,1,0,2,3,2,1,0,1,3,2,3,0,0,2
1312739.2100000000,1247775.4550000001,1238911.6699999999,933517.0750000000,943983.1300000000,981837.4000000000,1911302.4800000000,1804301.7949999999,1795182.3650000000,1349337.7749999999,1363929.2050000001,1406270.5149999999,315242.3450000000,336951.6500000000,352271.5400000000,260293.4950000000,247078.6150000000,240113.7850000000,43032.5750000000,41575.6550000000,41903.9750000000,33015.6850000000,34857.3550000000,36325.3900000000,101981.4050000000,100117.5050000000,80552.5400000000,66051.1750000000,62561.0650000000,53757.1300000000,29633.0550000000,40742.0700000000,77359.1550000000,39940.0050000000,23345.3100000000,22341.5400000000,29632.2000000000,29632.2000000000,29632.2000000000,22338.1200000000,22338.1200000000,22338.1200000000,29632.2000000000,29632.2000000000,29632.2000000000,22338.1200000000,22338.1200000000,22338.1200000000
3,1,2,0,3,1,1,3,0,2,2,0,3,2,1,0,0,1,3,2,3,3,2,3,2,3,3,2,3,2,2,2,3,0,1,0,2,3,2,1,0,1,3,2,3,0,0,2
1309566.3049999999,1244641.8799999999,1235274.5000000000,929937.1899999999,940479.3400000000,979286.0800000000,1903468.1150000000,1798050.8899999999,1785698.7050000001,1343421.1750000000,1360301.4399999999,1401255.0850000000,316891.6400000000,343173.4850000000,362186.1200000000,266422.9900000000,249655.5850000000,240035.9800000000,42094.6400000000,41120.7950000000,41478.1850000000,32304.3250000000,33928.8250000000,35094.1900000000,100901.5400000000,84217.0700000000,65926.9100000000,55530.4000000000,58514.3500000000,54732.6850000000,30360.6600000000,55312.9800000000,90670.6500000000,50064.9150000000,27712.6500000000,22361.2050000000,29632.2000000000,29632.2000000000,29632.2000000000,22338.1200000000,22338.1200000000,22338.1200000000,29632.2000000000,29632.2000000000,29632.2000000000,22338.1200000000,22338.1200000000,22338.1200000000
3,1,2,0,3,1,1,3,0,2,2,0,3,2,1,0,0,1,3,2,3,3,2,3,2,3,3,2,3,2,2,2,3,0,1,0,2,3,2,1,0,1,3,2,3,0,0,2
